0.675996
0.383994
0.699766
0.318927
0.073687
0.560355
0.296519
0.326978
0.393150
0.834509
0.385716
0.190864
0.616607
0.296605
0.512734
0.676788
0.595766
0.522365
0.542572
0.783935
0.403541
0.282575
0.708111
0.285898
0.234237
0.610231
0.154938
0.737604
0.607756
0.606364
0.660166
0.407352
0.230377
0.597778
0.856777
0.470802
0.507805
0.672421
0.724092
0.649312
0.897794
0.476322
0.702873
0.787743
0.459545
0.228316
0.774859
0.373132
0.492216
0.720548
0.585533
0.166898
0.579769
0.406624
0.578804
0.444068
0.490141
0.522797
0.151076
0.721501
0.238785
0.369547
0.484592
0.566122
0.661780
0.775816
0.514672
0.630968
0.464386
0.370782
0.236630
0.691107
0.256924
0.527429
0.525143
0.465550
0.805312
0.740309
0.401917
0.725153
0.511792
0.648368
0.410180
0.621620
0.637287
0.777970
0.538821
0.567298
0.876248
0.295872
0.570594
0.325512
0.448357
0.439758
0.468725
0.138837
0.355185
0.886628
0.368630
0.796201
0.392717
0.495891
0.342369
0.950386
0.634841
0.453766
0.316572
0.131508
0.546020
0.753663
0.444392
0.678320
0.362616
0.315248
0.754908
0.281525
0.186157
0.376469
0.216356
0.578088
0.579180
0.789023
0.303560
0.629189
0.456821
0.574453
0.373175
0.588560
0.602838
0.609258
0.332689
0.106998
0.497803
0.379560
0.420049
0.672510
0.669921
0.148555
0.728375
0.449065
0.363793
0.594295
0.373235
0.070161
0.540941
0.427580
0.267867
0.601059
0.610915
0.726101
0.891306
0.488171
0.844852
0.138760
0.239952
0.648545
0.385529
0.246272
0.692276
0.629341
0.625020
0.440027
0.258566
0.701260
0.262688
0.647801
0.393073
0.642183
0.351173
0.655419
0.788986
0.427013
0.498093
0.405668
0.308176
0.417684
0.815813
0.333120
0.089617
0.280363
0.448248
0.540639
0.716113
0.475282
0.655984
0.243523
0.886628
0.255351
0.398035
0.634852
0.553493
0.500153
0.788740
0.438112
0.409578
0.834509
0.176997
0.711278
0.848495
0.690977
0.073510
0.788836
0.318974
0.518598
0.542433
0.544581
0.725827
0.538601
0.373747
0.242787
0.274918
0.495378
0.595863
0.331807
0.234510
0.357397
0.744677
0.597285
0.638465
0.324976
0.086721
0.850000
0.549727
0.618016
0.858664
0.722152
0.305692
0.446001
0.055183
0.192332
0.521194
0.451254
0.903450
0.373294
0.636951
0.385386
0.654309
0.578657
0.611820
0.621486
0.750048
0.382098
0.734304
0.102370
0.289209
0.575388
0.352427
0.484670
0.680509
0.447919
0.605054
0.594956
0.741551
0.708957
0.473903
0.443768
0.545611
0.788590
0.493439
0.707951
0.828179
0.227755
0.829003
0.764116
0.295100
0.377147
0.361938
0.098748
0.543546
0.566941
0.489851
0.682901
0.595179
0.159377
0.698223
0.236460
0.764189
0.162287
0.467032
0.524760
0.909055
0.677332
0.740839
0.721696
0.583975
0.484552
0.707705
0.046102
0.754146
0.367089
0.833909
0.587219
0.750781
0.578271
0.384618
0.638550
0.454618
0.365578
0.340203
0.554887
0.460837
0.709305
0.171272
0.357798
0.532837
0.545237
0.700519
0.349361
0.333340
0.437623
0.046978
0.091831
0.429230
0.526908
0.512930
0.494747
0.781362
0.536870
0.445477
0.526748
0.714098
0.685179
0.895315
0.870268
0.875978
0.930076
0.162224
0.360268
0.562547
0.521824
0.686695
0.526354
0.406647
0.151516
0.653557
0.484437
0.314025
0.357747
0.282298
0.346942
0.796369
0.568144
0.257909
0.751973
0.668615
0.490641
0.592053
0.622799
0.667343
0.599370
0.653175
0.757573
0.380746
0.838923
0.482975
0.144759
0.802297
0.350685
0.645604
0.281994
0.875428
0.662932
0.411880
0.499955
0.229043
0.450106
0.703024
0.595659
0.134441
0.613702
0.496686
0.449936
0.474678
0.232060
0.240138
0.603579
0.380103
0.398815
0.710196
0.702142
0.636208
0.123897
0.528445
0.501954
0.044003
0.514737
0.298367
0.522524
0.483427
0.529097
0.239775
0.767422
0.182196
0.752415
0.557830
0.742053
0.345228
0.212029
0.581632
0.461717
0.420078
0.756782
0.351418
0.493034
0.680201
0.313360
0.155781
0.461523
0.745033
0.332139
0.322889
0.674085
0.422663
0.504725
0.320921
0.643610
0.308552
0.428511
0.536656
0.525863
0.714534
0.714086
0.626335
0.310466
0.470331
0.397462
0.552733
0.346106
0.430170
0.600280
0.299991
0.363014
0.106585
0.507141
0.454455
0.881977
0.681721
0.320702
0.420505
0.701229
0.307701
0.551115
0.369451
0.606568
0.456318
0.093199
0.432946
0.151664
0.727231
0.650000
0.649819
0.541061
0.526083
0.158253
0.576081
0.459411
0.539723
0.352490
0.609148
0.491869
0.359117
0.731426
0.600707
0.751202
0.587120
0.671051
0.784160
0.428743
0.842299
0.863214
0.389091
0.583561
0.214418
0.457209
0.270000
0.753001
0.513994
0.607967
0.559585
0.572806
0.228279
0.636307
0.233415
0.713099
0.492783
0.522600
0.687117
0.465127
0.623500
0.875168
0.678561
0.366886
0.153778
0.115470
0.557261
0.409780
0.746583
0.679641
0.540338
0.255607
0.691487
0.365289
0.344344
0.262273
0.274451
0.738876
0.126638
0.532368
0.818595
0.364829
0.748214
0.725266
0.611125
0.643227
0.257205
0.225369
0.213579
0.425576
0.550246
0.711694
0.373989
0.478700
0.748160
0.639603
0.069475
0.112328
0.344191
0.353253
0.111191
0.593500
0.069420
0.729377
0.102500
0.616509
0.256959
0.874336
0.294835
0.463243
0.748820
0.151982
0.394348
0.345592
0.520591
0.330590
0.726569
0.661587
0.227750
0.532010
0.396906
0.576661
0.593434
0.437016
0.350474
0.200187
0.529450
0.737528
0.665744
0.840434
0.509655
0.760641
0.685457
0.524617
0.491280
0.625080
0.113342
0.087695
0.522422
0.631201
0.255361
0.575809
0.787338
0.413158
0.448130
0.510058
0.315424
0.814334
0.543744
0.686248
0.215201
0.895315
0.219793
0.435063
0.190472
0.464753
0.475556
0.613389
0.244431
0.117837
0.489216
0.235010
0.549955
0.487366
0.203973
0.530210
0.564986
0.459435
0.226801
0.833909
0.050822
0.599002
0.391563
0.825161
0.660852
0.397812
0.572559
0.245402
0.547109
0.509287
0.660896
0.825647
0.321961
0.398866
0.614796
0.452589
0.496593
0.734120
0.487327
0.418749
0.757131
0.848228
0.352995
0.279502
0.670930
0.688100
0.535879
0.452975
0.591466
0.511813
0.400023
0.849162
0.264744
0.818616
0.561405
0.288580
0.323947
0.704754
0.333456
0.418778
0.065681
0.433263
0.228922
0.302764
0.341340
0.514972
0.474351
0.223803
0.459663
0.195751
0.063370
0.518576
0.750480
0.511756
0.177339
0.236204
0.297065
0.658195
0.644990
0.506331
0.871960
0.570904
0.308709
0.676995
0.169634
0.648266
0.579788
0.429617
0.814062
0.795280
0.677218
0.612824
0.338426
0.726487
0.563307
0.708700
0.232353
0.232065
0.345410
0.097689
0.636006
0.662002
0.674782
0.610269
0.232540
0.180702
0.590915
0.594715
0.612168
0.389760
0.705657
0.486177
0.487701
0.426246
0.166665
0.651265
0.336693
0.868557
0.316518
0.764146
0.703438
0.510105
0.697146
0.693810
0.635371
0.789190
0.586848
0.535696
0.280152
0.643034
0.309064
0.467240
0.584805
0.206802
0.486112
0.506627
0.028836
0.276763
0.459979
0.388198
0.571951
0.715759
0.869241
0.654646
0.452199
0.499051
0.334439
0.038394
0.783082
0.745526
0.265602
0.698225
0.537746
0.657506
0.295203
0.390638
0.450851
0.678802
0.792361
0.629036
0.654321
0.215708
0.243256
0.348816
0.502268
0.773574
0.668374
0.581242
0.692259
0.253731
0.627111
0.570392
0.786257
0.760000
0.511587
0.511056
0.634773
0.712414
0.279912
0.474381
0.695090
0.790195
0.917192
0.642054
0.515405
0.358065
0.416408
0.632669
0.572033
0.451662
0.698465
0.811099
0.580231
0.557169
0.445939
0.206786
0.507128
0.605904
0.853391
0.790813
0.577291
0.826632
0.240702
0.420491
0.707090
0.444659
0.479896
0.773039
0.852513
0.567881
0.379010
0.359091
0.161993
0.361938
0.430430
0.603181
0.746950
0.333445
0.569626
0.752219
0.522309
0.316076
0.604495
0.352376
0.388812
0.403960
0.301210
0.185633
0.274294
0.319304
0.541218
0.179721
0.418126
0.222009
0.500066
0.892725
0.391733
0.357149
0.786188
0.620438
0.435986
0.611367
0.485605
0.826276
0.453086
0.775388
0.188466
0.523529
0.551769
0.635463
0.419493
0.615387
0.348734
0.231689
0.288564
0.636407
0.197192
0.329673
0.551299
0.491277
0.420407
0.837924
0.417876
0.220473
0.360988
0.664082
0.217320
0.473760
0.824158
0.720534
0.474599
0.401051
0.468013
0.472055
0.638212
0.572308
0.917192
0.656124
0.570326
0.657249
0.338176
0.277552
0.360424
0.664421
0.282353
0.812721
0.388926
0.838595
0.566417
0.712650
0.460989
0.123907
0.685143
0.512569
0.228651
0.775102
0.712902
0.394071
0.773729
0.613500
0.301352
0.688980
0.311095
0.568600
0.609502
0.063132
0.185525
0.482507
0.864170
0.471108
0.644945
0.478125
0.526287
0.831838
0.312196
0.546957
0.516090
0.652759
0.662658
0.711677
0.508639
0.220289
0.527358
0.090887
0.529078
0.611609
0.409089
0.657295
0.789012
0.744005
0.611425
0.181824
0.309553
0.690739
0.571686
0.234300
0.756181
0.660489
0.576451
0.247803
0.392613
0.510544
0.280868
0.598142
0.369828
0.290674
0.759660
0.087724
0.584317
0.105370
0.640385
0.570819
0.640555
0.448700
0.659848
0.795026
0.853576
0.672964
0.153886
0.598064
0.446474
0.440719
0.269758
0.069241
0.618671
0.360455
0.742566
0.163295
0.495049
0.417738
0.464839
0.356086
0.512376
0.511256
0.665388
0.517136
0.338235
0.213836
0.488662
0.263179
0.111305
0.669144
0.581106
0.348493
0.712009
0.092279
0.727954
0.763851
0.525402
0.361534
0.592176
0.645419
0.332666
0.549295
0.581370
0.716584
0.509904
0.678340
0.442961
0.347817
0.070764
0.514534
0.616064
0.460231
0.745694
0.619699
0.365024
0.501504
0.557874
0.839108
0.787337
0.279213
0.306885
0.597344
0.096773
0.532764
0.518453
0.121886
0.234519
0.791889
0.896980
0.401940
0.695520
0.529946
0.673548
0.486872
0.817133
0.375273
0.787368
0.497152
0.854432
0.771319
0.394852
0.491686
0.468792
0.327067
0.517872
0.734540
0.650978
0.564481
0.365488
0.653405
0.453465
0.440144
0.492042
0.040143
0.717212
0.764444
0.448931
0.232115
0.446640
0.770770
0.598973
0.638561
0.405252
0.616509
0.451239
0.116543
0.284675
0.461150
0.399492
0.465715
0.620513
0.303253
0.429381
0.541197
0.463933
0.091143
0.665422
0.505771
0.626538
0.073816
0.662002
0.510955
0.240919
0.658257
0.712771
0.247175
0.621042
0.206016
0.378955
0.447733
0.283954
0.574254
0.060241
0.370214
0.342614
0.629441
0.876697
0.722642
0.272164
0.574732
0.526709
0.292912
0.588562
0.675431
0.664052
0.755225
0.294085
0.726050
0.432687
0.705674
0.429891
0.687077
0.366500
0.442331
0.415326
0.223979
0.690100
0.611820
0.207912
0.709955
0.190282
0.393708
0.592378
0.282589
0.424710
0.438251
0.577256
0.489094
0.540149
0.538567
0.826929
0.661898
0.222876
0.385013
0.848116
0.805312
0.300308
0.427978
0.784317
0.775421
0.225006
0.509235
0.444096
0.870268
0.073726
0.331679
0.584068
0.321382
0.472989
0.376144
0.662507
0.683878
0.725415
0.451080
0.505108
0.509235
0.248539
0.549218
0.631326
0.588957
0.559672
0.424739
0.227726
0.033964
0.272110
0.657630
0.481047
0.530058
0.626023
0.723966
0.444190
0.811438
0.507347
0.584781
0.627009
0.272096
0.131913
0.312766
0.453734
0.387907
0.583910
0.240061
0.604306
0.754397
0.299819
0.118103
0.501586
0.346740
0.635364
0.521687
0.788871
0.301740
0.804820
0.473880
0.518073
0.870499
0.745821
0.170815
0.491260
0.815566
0.528915
0.087273
0.183330
0.449349
0.521559
0.451486
0.283416
0.592016
0.462530
0.520760
0.430183
0.548903
0.186777
0.650896
0.467176
0.708250
0.329573
0.310501
0.594431
0.860575
0.566340
0.741551
0.522828
0.737715
0.713701
0.635127
0.526351
0.426829
0.399020
0.717548
0.718025
0.697009
0.115397
0.336620
0.749709
0.415899
0.083757
0.228930
0.349645
0.589913
0.321906
0.106905
0.536890
0.618585
0.362972
0.510689
0.565909
0.729116
0.417158
0.546947
0.540956
0.600457
0.701071
0.225318
0.763123
0.352690
0.603473
0.691003
0.431982
0.669558
0.552046
0.562771
0.584466
0.416389
0.590873
0.804676
0.280732
0.325674
0.309674
0.332205
0.197937
0.391647
0.510125
0.510937
0.733213
0.350815
0.663070
0.386030
0.899551
0.749757
0.344936
0.313703
0.590611
0.352941
0.221531
0.456769
0.665079
0.829953
0.777273
0.563681
0.880920
0.399600
0.661587
0.393667
0.647171
0.467827
0.611370
0.307202
0.494396
0.773433
0.632293
0.431264
0.540233
0.393111
0.732820
0.409397
0.457364
0.456272
0.374947
0.753860
0.292400
0.625286
0.787566
0.692009
0.198646
0.428136
0.228579
0.481127
0.187575
0.552996
0.723523
0.567303
0.880076
0.569564
0.583136
0.567980
0.390949
0.196911
0.082429
0.465481
0.546299
0.781098
0.206909
0.495178
0.484304
0.610723
0.564020
0.191660
0.609243
0.224751
0.461524
0.738136
0.709879
0.169705
0.662225
0.823407
0.345163
0.594467
0.575046
0.190948
0.579569
0.453823
0.251797
0.250062
0.524140
0.355623
0.479090
0.430779
0.676713
0.176108
0.433899
0.736807
0.643031
0.577207
0.487144
0.220926
0.442963
0.710068
0.232584
0.315459
0.361451
0.362680
0.067197
0.583215
0.506508
0.377204
0.636708
0.407620
0.802297
0.617078
0.636998
0.611498
0.528097
0.487253
0.569463
0.450821
0.899551
0.261759
0.608301
0.224552
0.847572
0.299985
0.580694
0.422572
0.485419
0.395673
0.831197
0.242953
0.590277
0.681354
0.557712
0.159906
0.538909
0.670010
0.750653
0.454648
0.423130
0.578688
0.614649
0.492317
0.395130
0.507298
0.764644
0.881426
0.367416
0.917192
0.454336
0.445820
0.752206
0.553178
0.376083
0.772025
0.459929
0.500347
0.540013
0.108650
0.687799
0.740839
0.615595
0.590201
0.683974
0.608055
0.830999
0.424265
0.660328
0.678766
0.598609
0.751947
0.231454
0.596138
0.612428
0.747874
0.501256
0.483076
0.616522
0.432809
0.229967
0.575923
0.516675
0.538351
0.822775
0.451061
0.375291
0.662182
0.482575
0.541307
0.569763
0.511429
0.667582
0.622121
0.371981
0.363560
0.469997
0.180516
0.399057
0.430870
0.315306
0.083495
0.086544
0.529218
0.764454
0.377102
0.406465
0.510198
0.556755
0.498530
0.601837
0.232469
0.553141
0.383871
0.709850
0.421404
0.254409
0.676395
0.758154
0.495990
0.803684
0.196111
0.334515
0.593488
0.881857
0.467389
0.322018
0.785059
0.357490
0.551561
0.618683
0.503129
0.674775
0.567328
0.392230
0.083175
0.199612
0.833909
0.501320
0.750287
0.439958
0.790012
0.093284
0.789804
0.434462
0.284526
0.881977
0.360430
0.304121
0.319894
0.760031
0.560908
0.614554
0.259873
0.715439
0.620810
0.676267
0.696679
0.676267
0.299967
0.237177
0.894790
0.074167
0.407615
