0.646352
0.359386
0.697867
0.104372
0.069321
0.645503
0.276850
0.296181
0.430805
0.834509
0.323299
0.096984
0.633230
0.219587
0.474361
0.739619
0.568119
0.514646
0.512511
0.757770
0.392931
0.221406
0.708111
0.240161
0.168874
0.604403
0.157370
0.725398
0.641389
0.592277
0.659160
0.376824
0.147344
0.569492
0.856777
0.444978
0.422057
0.670531
0.644240
0.684430
0.837530
0.669315
0.700615
0.753484
0.307046
0.191997
0.758040
0.276011
0.498399
0.686683
0.561180
0.159563
0.631205
0.215386
0.574409
0.422247
0.478169
0.524443
0.113342
0.721501
0.184751
0.356942
0.524574
0.533394
0.666338
0.775816
0.516020
0.665241
0.575251
0.455528
0.121879
0.727145
0.258005
0.505612
0.525143
0.509604
0.805312
0.740309
0.410147
0.716232
0.515707
0.623325
0.351015
0.719765
0.564668
0.777970
0.484019
0.480402
0.863661
0.280868
0.509236
0.616039
0.386639
0.407278
0.301858
0.090804
0.389140
0.886628
0.464668
0.728073
0.352261
0.477537
0.648676
0.950386
0.581078
0.445878
0.309798
0.000000
0.750873
0.761212
0.407334
0.661142
0.088561
0.282913
0.808561
0.651014
0.117139
0.444535
0.104372
0.449538
0.580109
0.789023
0.269105
0.648641
0.454155
0.610810
0.250026
0.580257
0.600441
0.601229
0.337628
0.057184
0.474804
0.345317
0.390446
0.676671
0.685315
0.148629
0.654808
0.465508
0.275051
0.521047
0.354950
0.045249
0.445671
0.382684
0.255157
0.425680
0.501704
0.682046
0.953573
0.456438
0.844852
0.075352
0.165477
0.627970
0.385542
0.104372
0.692276
0.632165
0.624292
0.620013
0.300987
0.672889
0.234576
0.620053
0.388985
0.642158
0.306888
0.543070
0.822940
0.372247
0.490100
0.351773
0.270346
0.374415
0.817668
0.243369
0.00000
0.269953
0.422559
0.425631
0.716416
0.382006
0.625775
0.604082
0.886628
0.236499
0.385129
0.634852
0.535393
0.541456
0.779154
0.424492
0.326708
0.834509
0.129812
0.692012
0.849403
0.743911
0.00000
0.788836
0.271298
0.632345
0.519285
0.537824
0.725827
0.514553
0.274852
0.210068
0.297044
0.440228
0.640574
0.245754
0.190151
0.344843
0.908443
0.551677
0.444465
0.186303
0.090345
0.850000
0.500698
0.496004
0.830765
0.829549
0.265364
0.409873
0.023864
0.055489
0.507677
0.432170
0.924676
0.355239
0.632267
0.698035
0.707216
0.559490
0.651523
0.588671
0.750048
0.668142
0.756402
0.00000
0.00000
0.412041
0.380266
0.298281
0.680971
0.372003
0.497132
0.525628
0.741551
0.708957
0.745455
0.463366
0.539749
0.756967
0.635036
0.705032
0.762458
0.194902
0.856390
0.720244
0.124771
0.332893
0.361938
0.067703
0.544535
0.509548
0.496878
0.682901
0.638049
0.00000
0.633509
0.605442
0.835925
0.000000
0.317151
0.701588
0.909055
0.650056
0.699772
0.818595
0.568525
0.465472
0.746584
0.014225
0.749958
0.267896
0.833909
0.425714
0.742333
0.495365
0.333108
0.666623
0.307180
0.268896
0.313401
0.468375
0.422408
0.685530
0.101799
0.312764
0.511725
0.478039
0.707075
0.319420
0.254877
0.421085
0.006760
0.005611
0.413382
0.445841
0.520809
0.473198
0.729850
0.590882
0.439156
0.526748
0.828409
0.757347
0.895315
0.870268
0.850099
0.930076
0.00000
0.350019
0.565188
0.365752
0.691040
0.442314
0.192158
0.00000
0.662027
0.489449
0.365008
0.238914
0.163954
0.236324
0.843194
0.584650
0.226164
0.746335
0.644557
0.435744
0.627179
0.508214
0.689592
0.568779
0.659910
0.704906
0.319326
0.798465
0.460399
0.130581
0.802297
0.382519
0.635267
0.253247
0.891998
0.612562
0.407886
0.513240
0.171754
0.406094
0.701174
0.581107
0.037984
0.662807
0.487535
0.725749
0.485732
0.602703
0.195322
0.578770
0.353605
0.489587
0.846680
0.566493
0.513351
0.079222
0.589569
0.467030
0.012691
0.384560
0.305549
0.511043
0.451662
0.644591
0.201770
0.674642
0.207409
0.718138
0.740296
0.771270
0.261551
0.198639
0.528032
0.417309
0.351638
0.692311
0.704697
0.737108
0.623910
0.295933
0.071009
0.535092
0.765056
0.337738
0.306219
0.694138
0.260776
0.496334
0.603448
0.675829
0.191059
0.382292
0.546829
0.547545
0.681535
0.692056
0.614618
0.249465
0.646408
0.476184
0.628554
0.166543
0.631690
0.603485
0.307359
0.319982
0.016145
0.488522
0.391186
0.881977
0.661081
0.125663
0.221406
0.767249
0.219186
0.595444
0.343689
0.651083
0.626520
0.035314
0.404861
0.144888
0.716469
0.650000
0.595271
0.480397
0.541598
0.000000
0.579394
0.531271
0.483735
0.298687
0.544861
0.385638
0.342499
0.717006
0.593798
0.795356
0.591539
0.691121
0.745091
0.278468
0.937531
0.859172
0.216203
0.705653
0.125442
0.316231
0.127208
0.766938
0.489768
0.614975
0.533985
0.554354
0.163509
0.621098
0.079482
0.827030
0.422602
0.512965
0.698774
0.517625
0.654272
0.840037
0.652980
0.246102
0.041984
0.000000
0.533317
0.325638
0.663070
0.657434
0.534570
0.216957
0.537461
0.185468
0.378640
0.061254
0.146108
0.676311
0.099939
0.484392
0.818595
0.124767
0.698316
0.672953
0.536598
0.648148
0.166345
0.029929
0.094588
0.385114
0.537924
0.711694
0.344216
0.754521
0.748574
0.626335
0.033695
0.025270
0.313938
0.218026
0.041844
0.517209
0.041650
0.854792
0.117213
0.475711
0.104123
0.874336
0.268302
0.449144
0.825644
0.038703
0.388031
0.349612
0.745455
0.332399
0.820387
0.608791
0.247248
0.319491
0.344908
0.619334
0.745730
0.345775
0.339985
0.220467
0.465946
0.740042
0.629824
0.910236
0.521043
0.760641
0.591960
0.514696
0.517547
0.631036
0.076419
0.050328
0.437898
0.629995
0.265524
0.542315
0.714747
0.288047
0.441998
0.478088
0.088033
0.799551
0.564952
0.699472
0.087582
0.895315
0.209547
0.326403
0.000000
0.715909
0.296130
0.602821
0.237791
0.000000
0.428216
0.260762
0.714286
0.404893
0.226415
0.576025
0.497942
0.442732
0.613012
0.833909
0.000000
0.583753
0.374748
0.843301
0.627222
0.370592
0.563802
0.186643
0.449960
0.471847
0.655189
0.871748
0.226809
0.414200
0.593033
0.395815
0.253006
0.691107
0.452545
0.374281
0.751064
0.838383
0.139800
0.254362
0.665839
0.677513
0.364488
0.440760
0.553158
0.463935
0.367301
0.875444
0.616957
0.814647
0.433452
0.234972
0.259553
0.691177
0.318570
0.408375
0.011167
0.347838
0.251774
0.606145
0.267641
0.520846
0.468316
0.108055
0.439762
0.131142
0.000000
0.557760
0.663070
0.509475
0.000000
0.230804
0.000000
0.630162
0.627711
0.540882
0.818784
0.640844
0.330139
0.667502
0.00000
0.684118
0.573659
0.720058
0.814062
0.756832
0.567482
0.565909
0.366188
0.746062
0.613506
0.705887
0.00000
0.238442
0.334841
0.068974
0.650661
0.642736
0.630604
0.486831
0.174289
0.167166
0.494520
0.717721
0.564080
0.658161
0.586906
0.340488
0.437959
0.261590
0.150756
0.757209
0.282090
0.854016
0.508858
0.764146
0.704145
0.479634
0.685680
0.761233
0.629448
0.702719
0.641420
0.569220
0.125442
0.661633
0.134290
0.748942
0.545774
0.154692
0.313146
0.503330
0.027115
0.187993
0.462926
0.255006
0.568698
0.691320
0.874806
0.681658
0.432985
0.368747
0.282864
0.000000
0.773968
0.832394
0.130044
0.683345
0.563375
0.614906
0.244853
0.655118
0.664191
0.687485
0.791959
0.566665
0.654321
0.118796
0.187203
0.206997
0.498407
0.773807
0.758509
0.576348
0.647816
0.186811
0.632416
0.553699
0.771535
0.760000
0.524854
0.419076
0.615721
0.698650
0.602319
0.453189
0.689032
0.671949
0.917192
0.546567
0.560179
0.352794
0.365586
0.633733
0.578603
0.451662
0.734353
0.811099
0.543039
0.555203
0.428846
0.169821
0.518447
0.562104
0.847658
0.787183
0.573655
0.822376
0.224057
0.399306
0.681991
0.423772
0.442254
0.755427
0.852513
0.571619
0.383876
0.405487
0.138711
0.361938
0.511157
0.621408
0.746950
0.241582
0.508912
0.752219
0.542860
0.209729
0.628788
0.300291
0.336980
0.348359
0.245677
0.232622
0.104372
0.389334
0.514280
0.150429
0.421080
0.042491
0.505663
0.878573
0.370883
0.279688
0.763070
0.608802
0.399960
0.588139
0.480363
0.828897
0.468427
0.775388
0.00000
0.500556
0.527760
0.656070
0.365287
0.678773
0.326710
0.610813
0.242752
0.625797
0.179781
0.268519
0.550471
0.475722
0.407257
0.837924
0.418589
0.125442
0.301572
0.796330
0.132579
0.599773
0.817714
0.694402
0.547455
0.374472
0.504898
0.407413
0.718986
0.562021
0.917192
0.726880
0.534257
0.733215
0.292644
0.179672
0.273111
0.645049
0.259706
0.760596
0.387411
0.760248
0.564600
0.685196
0.360432
0.072796
0.723159
0.524493
0.263339
0.775074
0.640140
0.500478
0.777666
0.610099
0.616957
0.663070
0.300901
0.548935
0.611662
0.009124
0.160365
0.373028
0.881530
0.444727
0.717462
0.262528
0.521936
0.891523
0.213228
0.499683
0.460766
0.637501
0.679265
0.713672
0.695646
0.192614
0.535248
0.046038
0.437937
0.627772
0.357157
0.649683
0.777513
0.745685
0.591669
0.603448
0.285132
0.827030
0.559312
0.605442
0.733062
0.656643
0.591718
0.239302
0.362829
0.420088
0.368414
0.575800
0.447944
0.357293
0.760268
0.038849
0.560927
0.163418
0.692019
0.578608
0.584751
0.434136
0.700225
0.845284
0.841687
0.775388
0.062505
0.614979
0.664523
0.438244
0.211234
0.059760
0.532615
0.387714
0.675513
0.142190
0.461091
0.466917
0.429674
0.351169
0.545763
0.511256
0.743771
0.509792
0.104372
0.190346
0.480160
0.604082
0.055859
0.652514
0.558110
0.340735
0.705390
0.103479
0.695101
0.744830
0.537140
0.339266
0.576171
0.565699
0.726748
0.638311
0.532345
0.701375
0.558320
0.669510
0.429806
0.102703
0.014906
0.516813
0.548075
0.481659
0.647978
0.681017
0.290508
0.571692
0.724018
0.797924
0.786979
0.608123
0.298550
0.542471
0.088785
0.567827
0.451662
0.000000
0.185468
0.787477
0.937531
0.626259
0.703235
0.522198
0.563689
0.458430
0.817133
0.330657
0.802238
0.453430
0.854432
0.759655
0.377044
0.482584
0.445284
0.278754
0.720058
0.709024
0.559680
0.564481
0.358078
0.627806
0.411557
0.353758
0.506440
0.043535
0.645547
0.759723
0.436861
0.00000
0.473442
0.758048
0.545569
0.579716
0.451915
0.475711
0.514769
0.065037
0.147183
0.525621
0.386670
0.459441
0.561603
0.334995
0.464342
0.521768
0.442822
0.031363
0.663061
0.558861
0.547370
0.043205
0.642736
0.490966
0.230917
0.667659
0.695627
0.212803
0.521115
0.176209
0.380487
0.385974
0.227680
0.576312
0.027562
0.353460
0.350461
0.621426
0.876697
0.685536
0.224026
0.479152
0.394740
0.104372
0.623062
0.581569
0.594048
0.755225
0.287761
0.723437
0.428381
0.666885
0.374143
0.689231
0.344829
0.311913
0.442939
0.000000
0.648563
0.659143
0.149635
0.703418
0.171809
0.376092
0.581559
0.236768
0.399998
0.450372
0.518579
0.411400
0.564905
0.534308
0.789060
0.662065
0.170068
0.286251
0.762458
0.805312
0.298600
0.417300
0.768176
0.775421
0.175987
0.477502
0.511585
0.770268
0.039526
0.330556
0.462337
0.256194
0.507244
0.366235
0.662507
0.717671
0.603993
0.572658
0.517550
0.477502
0.218287
0.788405
0.651547
0.588957
0.508925
0.345105
0.194913
0.034226
0.605442
0.650121
0.526015
0.469856
0.617870
0.689453
0.660871
0.811438
0.429763
0.617659
0.700807
0.287955
0.077972
0.337759
0.418727
0.408390
0.490201
0.206459
0.561139
0.752578
0.147598
0.012865
0.420224
0.096984
0.625775
0.538031
0.773708
0.294091
0.804820
0.459735
0.521185
0.870499
0.745821
0.040465
0.495412
0.815566
0.519555
0.069291
0.048785
0.383772
0.573442
0.410852
0.289124
0.631276
0.453721
0.507428
0.638575
0.532160
0.164874
0.602595
0.503087
0.708250
0.603448
0.127208
0.639643
0.858250
0.506811
0.741551
0.551351
0.691321
0.685089
0.616572
0.638785
0.631798
0.382029
0.721664
0.745853
0.678397
0.000000
0.326194
0.647753
0.203322
0.010014
0.104482
0.343372
0.548130
0.163118
0.081050
0.534410
0.627802
0.294837
0.516184
0.576451
0.709151
0.348354
0.532696
0.463984
0.555056
0.656083
0.127208
0.765174
0.305730
0.579435
0.638377
0.429219
0.663391
0.565741
0.558707
0.580192
0.261551
0.580995
0.804676
0.225791
0.358494
0.259900
0.605442
0.201058
0.262130
0.537571
0.541828
0.727628
0.348661
0.663070
0.350092
0.899551
0.696447
0.421370
0.318112
0.580515
0.620013
0.196319
0.433328
0.683840
0.917161
0.746667
0.565516
0.896703
0.373401
0.608791
0.408639
0.708351
0.537972
0.680730
0.372585
0.497318
0.763808
0.653846
0.306069
0.526585
0.266520
0.795067
0.340192
0.418672
0.444372
0.276471
0.819659
0.310262
0.506702
0.787566
0.672744
0.604054
0.455954
0.169635
0.450162
0.000000
0.492190
0.725751
0.640684
0.770268
0.540273
0.603887
0.564135
0.104372
0.184143
0.065233
0.498986
0.546795
0.671607
0.244265
0.566905
0.544133
0.417402
0.556829
0.179970
0.548148
0.602122
0.487451
0.679492
0.666763
0.148232
0.591661
0.882458
0.303107
0.585361
0.573123
0.189205
0.502464
0.494435
0.604082
0.229672
0.561943
0.217265
0.397506
0.471572
0.611988
0.155244
0.275051
0.728202
0.621156
0.547692
0.497056
0.243351
0.469398
0.715723
0.251417
0.605442
0.352849
0.406446
0.019336
0.865388
0.497760
0.388054
0.666160
0.348185
0.802297
0.598734
0.639143
0.558402
0.544820
0.508908
0.584300
0.449823
0.899551
0.165113
0.626234
0.053152
0.843800
0.619366
0.522289
0.391234
0.217380
0.367905
0.838904
0.277396
0.693372
0.613743
0.478370
0.052212
0.459450
0.657396
0.722325
0.268239
0.654470
0.542025
0.576766
0.485400
0.127208
0.497569
0.790567
0.807111
0.668142
0.917192
0.404916
0.250526
0.681464
0.543210
0.658192
0.761097
0.403570
0.458623
0.524345
0.095072
0.690618
0.699772
0.808124
0.473631
0.661727
0.715909
0.812713
0.385473
0.599349
0.722781
0.598407
0.780036
0.173156
0.574242
0.566446
0.774431
0.380992
0.455310
0.714837
0.213238
0.241056
0.514528
0.268892
0.531602
0.822775
0.441527
0.365251
0.587108
0.449029
0.471058
0.631861
0.438181
0.664087
0.602318
0.198111
0.251905
0.447258
0.172839
0.354493
0.441559
0.226880
0.00000
0.069998
0.552510
0.700286
0.266551
0.424504
0.301858
0.554789
0.664191
0.596905
0.189425
0.748359
0.373681
0.627602
0.463375
0.00000
0.729655
0.729439
0.487522
0.803684
0.179422
0.321264
0.505231
0.872919
0.454759
0.309396
0.761337
0.104372
0.481513
0.571463
0.443603
0.715767
0.516528
0.499493
0.057278
0.151215
0.833909
0.415991
0.718024
0.438161
0.885480
0.087176
0.722899
0.660561
0.272993
0.881977
0.279133
0.169454
0.359751
0.825710
0.740296
0.595327
0.181007
0.761370
0.606036
0.725148
0.700269
0.629175
0.159304
0.096984
0.894790
0.014066
0.414602

