0.000000
0.000000
4.252943
4.246596
0.000000
3.900000
2.607685
2.224675
0.000000
4.911765
1.150564
2.697308
3.554245
1.081242
1.728967
3.789509
4.232042
2.558408
1.826313
3.091655
3.268235
0.000000
0.000000
2.477663
1.295613
0.000000
1.309245
1.929589
3.775282
2.787685
3.163914
2.807316
0.877344
4.440824
4.720483
3.799349
4.259737
1.389967
2.731149
0.000000
4.561133
2.441221
3.569492
3.612250
2.925752
1.260208
0.000000
2.779412
2.496174
4.324511
0.000000
1.167283
3.516298
0.000000
4.113919
3.285598
3.750498
3.339629
0.695191
0.000000
1.725206
4.191484
3.980536
0.634189
3.586411
0.000000
2.427560
2.895988
2.096143
0.000000
0.000000
4.322102
0.925327
1.871770
0.000000
0.000000
0.000000
2.606594
2.285991
0.000000
1.596696
3.214249
1.845687
4.633312
0.000000
2.787638
2.590055
2.978607
4.808333
0.467967
4.402637
3.357351
2.634688
2.765599
2.933872
0.000000
0.000000
4.923333
2.492548
0.000000
2.894415
2.703881
1.645559
4.875882
0.000000
2.225982
2.166612
0.000000
0.000000
4.273626
0.000000
2.397719
3.789249
2.352872
2.169577
2.248741
2.277488
2.694345
2.082971
3.172306
2.669623
3.150451
0.000000
2.509620
2.599715
3.399379
2.865420
4.062500
2.534771
3.372042
0.639359
0.256591
2.770552
1.835256
3.915919
0.000000
3.629734
0.961709
2.999818
2.725556
0.000000
3.116253
2.771220
0.273587
2.697582
1.082854
0.000000
4.685678
4.559303
4.228746
4.009452
3.979867
0.000000
1.881699
2.150186
2.402166
1.576958
3.005756
3.287099
3.597176
4.021475
2.319924
1.355032
4.779521
1.210939
0.000000
2.111823
4.027089
0.984298
4.385416
4.386250
2.424407
3.724880
3.582895
1.486958
0.000000
0.000000
0.000000
0.000000
1.817826
0.792431
1.770910
2.933948
2.885962
3.638882
0.000000
3.489438
1.434171
0.000000
3.431505
2.376866
2.226897
3.842462
3.613127
3.757864
3.514798
0.829131
4.450000
4.823529
4.728144
1.232888
4.763677
2.052028
3.102542
2.296409
4.753635
0.000000
4.063231
2.582675
2.324614
2.793987
2.874503
0.000000
2.832729
2.998972
1.768360
4.482058
2.627723
3.351334
2.608443
1.014108
4.224871
2.246537
4.134088
3.010424
3.694386
1.055831
2.431694
0.152129
1.266372
0.254111
0.000000
4.486468
3.066954
4.164337
3.094832
3.032311
2.293664
3.689037
3.855319
1.519963
2.040468
2.763865
0.000000
2.870555
3.524527
1.750572
3.627707
0.000000
2.903614
1.431862
3.968016
3.382239
4.301760
1.588419
3.381004
3.185835
3.483296
0.978406
4.823828
3.312816
2.557950
3.734893
3.779348
2.739850
1.986415
0.000000
1.317602
3.178045
2.725501
2.775986
3.645762
1.438252
3.111283
2.696346
0.000000
4.091738
2.380919
3.420989
4.416322
4.224109
2.899337
3.413489
3.789726
4.102679
2.936193
2.809458
2.018901
3.140821
3.193465
0.000000
4.788866
3.839925
0.000000
2.679889
3.684897
3.868329
2.292290
0.226237
3.665071
3.875077
4.146683
1.913666
1.868690
4.024786
4.183990
1.954288
0.000000
0.000000
3.544033
0.386189
0.429583
2.154800
0.000000
0.000000
2.407374
3.698444
2.522936
3.056389
4.625000
0.000000
3.619677
3.875611
3.923333
4.478045
4.473538
2.584872
2.696476
0.000000
0.000000
2.437768
2.870517
3.340545
0.000000
4.574904
1.900503
2.373862
3.752716
1.423296
2.372676
3.587514
3.880508
1.543813
2.913090
2.524824
0.000000
4.249891
3.889737
4.473452
4.062692
4.348207
3.030605
3.306712
4.547879
2.524128
1.418592
3.500000
1.705818
3.089769
1.632080
0.000000
2.829891
2.698523
0.000000
2.323153
1.802731
3.315083
3.475127
0.799910
4.296876
3.152793
1.902111
4.609906
2.936777
0.000000
4.288092
1.195711
2.055604
2.330016
0.000000
0.000000
1.382068
4.076956
2.063655
0.496890
3.603333
0.000000
4.775939
4.844756
3.449081
1.209777
2.855815
1.012379
3.168848
0.000000
3.246655
1.703225
1.640404
1.149075
3.615023
0.000000
3.628835
1.586759
3.706250
4.556293
0.000000
0.964259
2.424258
3.026584
2.558736
0.000000
2.642482
0.000000
2.733255
4.883487
2.882206
2.584087
0.000000
2.772335
1.964073
2.495172
3.867913
2.961916
0.854363
3.355441
0.973867
0.000000
1.966385
2.195627
0.000000
0.000000
3.019248
0.000000
4.331710
2.185241
4.742647
2.518093
1.521782
3.558094
2.808463
0.810737
2.999161
0.608596
4.409057
4.163942
0.204683
3.241048
0.000000
4.345308
2.784825
4.316690
3.197655
0.000000
0.000000
0.000000
3.116953
4.121781
0.000000
3.463547
3.848605
1.954536
2.494801
2.898634
2.929615
4.223705
0.000000
3.080544
1.677204
4.015546
3.733068
2.488618
0.000000
2.010044
3.523984
4.276574
4.600454
2.766622
2.565488
0.000000
4.365298
2.441402
3.418864
2.287941
4.576898
3.475933
1.613104
3.684555
0.000000
2.854839
4.727273
4.350849
2.660559
1.266949
3.500000
2.826614
3.625465
4.828199
3.486171
3.748296
2.600868
4.390806
3.627767
2.938765
2.705897
3.654462
3.708174
1.249765
3.230254
4.388058
2.843282
4.051495
4.359656
3.735483
0.000000
1.259169
1.853261
2.545480
2.318500
0.000000
4.175217
2.282693
2.341854
2.325838
2.614634
3.084683
0.632871
0.874663
2.350770
1.496491
2.482324
0.352224
4.125430
0.853370
4.400862
3.713891
4.618564
0.000000
0.000000
3.071298
3.088517
0.000000
1.348553
3.243027
2.231586
0.000000
4.397399
2.111574
3.762500
2.299586
4.053685
0.000000
4.197358
1.604981
1.062199
3.078970
4.017401
2.720102
3.238471
0.000000
0.000000
4.538309
4.491811
3.541590
3.107817
0.000000
0.480486
2.500532
2.795736
0.000000
2.672527
3.520672
2.629025
1.614320
2.579826
0.000000
3.473595
4.651496
0.000000
1.179968
4.057663
1.998129
2.233809
0.314436
2.423879
0.000000
4.740004
0.000000
0.656267
2.464447
0.934381
2.934007
2.732899
3.298590
1.398576
2.132019
3.452785
0.990824
4.009099
0.000000
1.415926
1.559586
0.000000
2.546368
1.578657
2.532832
2.732224
3.487946
0.000000
2.125368
3.391669
3.754657
3.024535
3.235166
2.931937
4.058333
3.430484
2.706366
1.963388
0.000000
2.021892
3.840942
1.120162
2.659342
0.000000
2.349797
0.000000
2.850395
1.145828
2.695429
0.000000
1.288940
2.990715
3.141013
0.000000
1.154668
4.205000
1.420939
2.012015
1.117154
3.194940
2.307216
3.870292
1.917789
3.248364
0.758294
0.000000
1.593034
1.471044
0.575261
2.368210
4.410333
4.405176
2.639895
0.000000
3.816667
3.848339
3.867117
1.974326
2.618108
4.348565
2.352614
4.487689
1.745457
3.570087
4.102679
2.741101
3.934294
3.630065
3.266104
3.029103
2.846681
3.713005
0.000000
4.364978
0.000000
0.373107
2.634921
0.000000
4.075992
4.354047
0.000000
3.341171
1.182158
2.126270
2.572873
3.191494
2.773413
1.336578
0.000000
2.960094
3.960908
3.080289
0.882225
4.145827
1.681894
2.747692
2.674051
4.716045
1.831538
2.346092
3.939672
4.024168
2.797827
2.822623
2.601883
2.319043
3.246239
4.252333
1.824481
0.000000
0.000000
1.541793
1.481312
4.202300
1.553939
1.542222
3.290194
3.536853
2.543616
2.483098
3.558222
2.306836
3.208178
1.802427
2.301421
0.565528
4.479025
3.500000
2.032151
4.531637
2.335219
3.009365
1.612368
3.751400
0.000000
2.583005
4.347224
4.441716
3.544888
0.000000
1.451285
2.881263
2.548382
2.717144
3.538681
4.152737
3.658515
2.502265
3.144118
2.956900
4.674240
3.411515
2.533705
3.247803
2.819707
2.680424
2.698561
2.401340
4.354047
0.000000
4.857657
3.090607
0.000000
2.022304
3.230234
4.275898
4.319841
2.206758
3.730827
0.000000
0.000000
3.204496
0.000000
0.000000
1.446497
3.174696
3.586799
3.521906
4.731579
4.695792
1.799102
2.808524
3.309693
4.075765
2.676186
0.000000
3.665846
2.706717
3.042997
2.597689
0.000000
3.403125
0.000000
0.000000
3.294418
3.284954
2.712972
4.515496
1.085911
0.000000
2.903323
0.637451
1.579768
3.195371
2.612086
1.160487
0.000000
1.449157
2.734916
1.696150
3.318313
1.044926
3.753497
4.703022
1.266475
0.000000
3.291448
2.732968
0.000000
3.437423
1.582350
3.562845
2.382544
3.235120
2.777932
3.242083
3.060885
3.785390
1.335519
2.085016
0.000000
2.509813
0.000000
3.905792
3.942354
0.000000
0.000000
1.956311
1.046598
4.716536
2.992040
0.000000
2.811840
4.250595
1.886073
3.024166
2.534073
0.881616
2.976334
2.028486
4.065073
1.283044
2.973564
0.000000
3.700512
3.286436
3.592174
3.401857
1.447737
0.000000
3.429191
2.800275
2.190187
3.500000
3.662108
4.063660
2.827975
3.414227
2.618547
0.752217
3.260836
0.000000
0.000000
4.897989
4.099917
2.404616
4.163412
2.468005
0.000000
4.659719
0.000000
3.236717
0.000000
2.042143
0.000000
3.513218
4.868080
2.931483
3.318271
3.698874
3.040587
4.723453
0.442997
3.383847
3.425364
2.486522
3.907336
2.675642
3.352545
1.675897
1.678562
1.054347
3.219061
3.775949
3.861397
4.010714
3.959997
4.202361
2.119354
1.951152
3.067979
0.000000
2.831705
2.683882
4.354047
2.649770
1.781365
0.532645
0.968293
2.623718
1.522998
3.127059
3.361351
1.662123
3.948456
0.461941
4.731579
2.323142
3.003847
2.929201
2.730996
2.223018
3.651608
3.850472
4.425000
4.588431
2.142307
2.026205
2.695774
2.225452
1.945656
2.548645
2.144255
2.433974
4.445597
0.989238
1.717487
1.795217
0.440032
2.550234
3.858666
3.288810
3.063916
3.414154
3.128846
1.882915
4.244580
2.284979
3.547455
2.511796
4.763158
1.739623
0.000000
0.407810
2.539068
0.000000
2.775547
1.441842
0.000000
2.815559
0.000000
4.188704
3.153911
4.132824
3.401407
2.535197
2.221828
4.785939
0.591507
2.823899
3.549934
1.640878
4.052511
4.085815
0.783096
2.480983
2.658903
4.824949
4.118983
0.000000
2.361192
4.769231
1.115100
1.757860
4.671102
1.605533
2.009226
4.517889
4.206535
0.000000
0.000000
3.563714
3.261009
0.000000
4.718792
2.982686
3.049915
3.252849
4.482738
3.608280
0.000000
3.318330
3.442952
2.849205
4.000792
4.417202
2.594412
3.089752
2.029213
4.010714
2.575311
2.651682
2.941910
0.000000
3.548113
0.000000
1.637277
2.092481
3.665431
4.170816
3.498706
3.590211
4.548644
4.421298
2.603726
2.585068
1.435483
2.375137
3.922648
2.468360
4.105500
2.817392
4.205389
0.473079
4.080559
0.000000
2.332525
3.029024
4.363636
0.427354
4.354047
1.951406
1.813869
4.043468
2.745454
0.000000
4.250000
0.681931
2.289144
0.000000
0.000000
2.636771
0.484296
0.000000
1.746904
4.200634
4.120248
0.000000
1.727062
4.068844
4.695895
3.419364
4.223003
4.142857
4.097619
4.048077
1.994116
3.329811
1.542540
4.132061
3.325988
4.747142
0.000000
0.000000
3.237239
0.000000
4.155510
3.612045
0.929177
3.819775
1.595525
0.000000
2.381683
1.437052
2.569854
2.408273
0.000000
3.946100
2.855865
3.749619
3.693047
2.564545
0.865820
2.661533
3.562703
4.088101
2.744994
1.593690
3.574893
4.716196
0.000000
4.280319
2.333544
4.133837
0.000000
3.544689
2.046290
2.010341
3.749007
2.575170
2.840576
3.766418
2.541292
1.402173
2.504674
4.277778
1.502893
3.678571
3.714508
3.551832
0.000000
1.155164
1.370431
0.713978
1.816748
3.543509
2.321011
1.882410
4.671528
3.908333
0.000000
4.816000
2.296745
3.405053
2.461547
0.000000
1.622844
0.000000
0.000000
2.130583
3.084258
1.819842
0.000000
2.647979
2.454144
0.856729
0.000000
4.626441
4.075992
3.217247
4.507143
1.467370
4.580800
1.893798
2.884214
3.445878
3.776297
0.751388
2.446989
4.354047
2.393740
0.000000
0.781808
1.515349
0.889578
0.000000
1.615369
2.106423
1.193293
3.543798
0.000000
1.990486
0.481641
3.606555
2.449915
2.416942
3.224692
0.000000
3.204066
4.842034
1.695684
3.382239
1.727470
4.571429
4.363728
4.208241
3.349851
0.000000
3.501237
3.415254
4.769080
0.000000
3.088990
0.000000
2.635190
3.577566
0.878859
2.481752
0.000000
0.000000
4.098269
0.382569
3.104288
3.971695
0.000000
1.917394
4.557531
4.177915
4.048388
1.759742
2.828888
4.073807
0.000000
0.000000
3.694555
0.000000
2.137602
3.969398
2.974175
4.588606
2.405770
4.763158
2.825774
1.085302
4.114865
4.878882
0.000000
2.606752
1.483160
2.489275
1.490912
2.330562
2.996143
4.320830
3.448216
0.000000
3.416172
4.253050
0.000000
2.808992
0.000000
0.634919
4.131329
2.774269
1.328803
2.261440
4.340566
2.071834
3.215947
4.056000
3.583283
3.394045
4.397399
3.405919
3.775000
1.248415
3.884720
3.046011
3.873829
4.112365
3.388128
0.000000
4.349413
3.500000
3.834582
0.000000
1.950286
1.380407
2.375779
0.000000
0.000000
3.143873
4.142017
3.291448
0.000000
1.699837
1.843490
0.000000
2.763732
3.270075
3.897965
4.836227
3.871630
2.172808
3.955942
4.033537
3.253701
1.078395
0.478058
2.575795
2.039776
3.704333
2.068965
0.000000
0.000000
4.575331
3.159729
1.020650
4.142857
0.000000
3.725094
0.000000
4.526106
1.939552
3.058199
3.457435
0.000000
2.778578
3.238491
2.684688
1.807268
1.915767
2.363043
1.874529
1.413437
2.228336
2.220922
2.129693
4.224456
0.000000
3.151154
3.917359
3.484105
1.867776
3.872416
0.000000
0.000000
3.974880
3.117982
2.654151
0.307048
3.551352
2.479970
0.000000
3.856343
3.146794
3.452005
1.972920
4.142857
4.160714
4.122590
2.538331
3.617579
2.628535
3.368876
4.179954
3.620873
0.857610
3.806126
3.436867
3.289294
2.799269
2.483703
1.792026
4.308333
1.667357
4.822906
3.442424
3.765975
2.548001
3.513499
0.000000
3.602700
3.636344
3.310402
0.000000
3.107307
2.558789
4.136733
3.818793
3.346710
2.467758
3.819123
4.854611
2.081505
4.899988
3.171128
2.303341
3.295843
3.288462
0.000000
3.820196
3.002901
2.998581
3.589496
0.539682
2.788467
3.413489
3.411436
4.124712
4.774659
4.194276
4.767292
1.808451
3.524353
0.000000
3.465403
0.000000
1.741781
3.441694
3.386022
2.679338
0.000000
3.281105
3.251999
3.201552
2.023254
0.000000
4.474895
1.685172
3.166266
3.248826
3.693759
4.743332
2.256997
3.614250
1.943220
4.833333
0.000000
0.000000
3.495395
3.285656
1.469490
1.467667
0.000000
3.622174
1.586714
1.034685
0.721724
3.483330
2.823812
2.678664
1.445770
3.126958
1.711928
2.533939
3.796000
2.004808
3.361495
0.000000
4.544443
1.539291
2.692636
4.100575
4.625000
0.000000
3.477996
1.347570
1.624796
2.563607
2.922780
1.463610
2.470476
2.440099
3.017629
3.250188
2.177078
0.000000
0.000000
0.000000
2.968049
1.368641
1.410466
4.205367
0.000000
0.000000
0.798054
3.421764
0.576181
3.263413
3.026093
0.000000
4.878947
1.492971
1.727764
3.476566
3.771946
3.915378
1.985214
1.612293
2.184434
2.935975
3.149855
0.000000
3.149855
2.071656
3.773864
0.000000
0.908042
1.669930
