3.437139
2.360306
1.132712
3.896068
1.243742
3.391313
3.695577
3.422500
3.800615
2.945100
2.648192
1.484804
3.716880
2.365930
2.860353
3.932267
4.140480
1.066303
2.272321
4.751583
0.000000
2.563620
3.311080
2.036185
4.279476
2.963628
4.246270
0.696956
1.367335
4.473015
3.092078
3.100487
3.736921
1.261299
2.826160
4.645554
3.658889
1.026948
1.885708
4.205107
2.328802
1.926566
3.289380
2.452945
3.668875
0.941163
1.975709
1.441820
3.053720
2.326880
4.415832
1.418862
4.664811
2.198443
3.493265
0.592435
3.757917
3.932276
2.959128
2.848960
4.476122
4.779229
2.797306
3.483442
2.215218
1.765076
3.548747
4.052142
3.283637
4.166704
4.759947
4.872222
3.957686
4.297883
2.513639
4.208258
4.037673
2.865159
2.283432
3.312632
2.960586
3.691921
3.641456
1.318550
1.876145
2.681619
4.305798
3.504545
1.793834
2.386277
3.179479
4.073947
3.006081
1.836289
4.042648
4.216989
2.851887
4.737919
2.534134
4.450135
0.000000
4.866304
2.838399
4.064521
1.885940
2.975882
4.043175
2.174585
3.011356
2.667551
2.961836
4.788767
4.409649
3.219884
3.583384
2.559316
3.038483
4.493121
3.983850
4.150681
0.000000
3.045935
3.263427
1.162836
0.717750
3.197315
2.298911
2.896919
3.113835
4.168445
2.547379
3.747767
3.184448
0.819012
3.954223
2.367240
3.191516
2.560211
1.118848
3.719292
1.659649
1.083929
1.572544
3.595650
2.735999
3.325100
2.069932
4.643750
4.410732
2.343973
1.676533
4.783960
4.816304
2.598325
5.000000
3.043760
3.794096
0.719470
4.364409
0.555391
3.927764
0.000000
2.511222
4.042352
0.244611
3.043321
2.390457
4.181180
3.926767
1.458082
4.583496
2.295413
2.420640
3.541416
2.165608
1.608893
0.000000
1.812593
2.499092
4.149071
2.240726
3.793060
3.705312
2.671683
2.997891
2.769654
0.227053
3.880597
3.351154
3.125548
3.126250
1.715911
3.472793
3.996846
0.620515
4.190269
1.149288
2.876219
2.069268
1.705188
3.561457
2.536670
1.708586
0.000000
1.389926
4.895454
2.873199
4.051629
3.189164
3.626990
2.277881
2.289680
3.786666
2.986995
3.899551
0.000000
2.959253
4.235976
4.215308
4.059055
3.611386
3.727705
3.921235
1.139209
3.433920
2.286602
3.091244
2.755199
2.301964
1.290253
4.337661
3.541843
3.323234
1.034109
2.249510
3.789560
1.664146
0.953776
4.188098
3.368799
1.593394
2.737267
1.059977
2.115143
3.508456
0.559793
3.184732
3.140363
4.790909
2.883745
2.920964
2.258554
4.739845
1.720364
1.148994
4.256280
2.095763
0.000000
2.746544
1.544614
3.996114
4.431513
3.485130
4.909834
3.245438
3.736523
2.144008
3.013545
3.790804
3.738553
3.977940
1.912233
4.152861
2.645149
1.900129
3.893720
3.507333
2.893227
1.613815
3.147762
3.336421
0.309827
2.893209
2.900000
2.759884
2.769536
1.534000
3.071978
1.325804
4.564439
4.763656
4.770910
3.217499
1.351661
2.849944
2.880209
2.554146
2.497058
1.125630
2.219693
2.953203
2.008415
3.501263
2.393042
4.362753
3.047028
0.000000
2.307836
4.277959
3.426112
4.682724
1.788176
4.807442
3.184052
4.415802
1.499916
3.712487
2.653008
2.070570
4.053523
1.702421
1.429663
3.684940
4.848039
1.588833
2.794346
3.345867
4.183714
2.101188
3.167545
4.534092
1.214035
4.265211
2.604242
4.074620
3.109519
4.589881
2.718114
4.416857
2.646106
4.363255
0.785384
4.763158
2.500000
3.764750
3.576630
2.451455
4.805663
3.092446
3.616223
4.106939
2.251195
3.274782
0.857214
0.000000
3.019966
1.169570
4.669130
4.090616
3.228347
1.744991
3.913356
1.748663
2.334813
2.047329
2.471800
3.015412
3.398696
0.479546
2.800393
1.788149
2.600552
1.236935
2.361373
3.561663
2.684014
2.328404
2.117343
1.933892
2.280039
4.526175
2.851434
4.612169
3.370952
1.769206
0.000000
1.898720
3.294085
3.390293
3.961588
2.057333
3.774211
3.474948
3.298085
1.834491
2.202254
2.968037
3.718792
4.168632
4.200545
4.359984
0.673851
2.228434
3.551075
2.584426
4.645400
4.347666
3.798120
3.407664
3.596616
1.860743
3.039846
3.546892
3.136120
2.189289
1.159294
1.930225
2.186288
3.061146
1.672454
3.229395
3.737456
2.964565
0.899166
2.686690
2.768545
3.101378
3.492634
2.098583
4.777274
2.996702
2.646121
2.581282
2.256258
1.596786
1.861298
3.027862
3.761357
4.433236
4.260493
0.473931
2.544632
3.063206
4.356008
4.583582
3.854953
3.475191
1.857573
3.248198
1.222949
4.742434
0.000000
3.696972
1.734504
2.075200
2.723289
2.073242
2.674860
0.774805
4.382528
2.843201
1.585829
4.678571
2.618792
0.000000
1.267213
4.875122
2.955724
3.566765
2.728453
1.833147
0.000000
4.910714
2.446316
2.950270
2.090322
3.500902
2.566713
3.226332
4.559141
3.292990
4.536866
4.624446
2.845053
2.151308
3.768576
0.851505
4.634865
0.000000
2.470233
1.760561
2.136229
1.614330
3.046573
3.943337
1.849483
2.851044
1.848965
0.769728
4.727273
0.920512
4.153120
3.682142
4.069172
0.530007
4.044212
2.475381
4.923333
3.067269
2.141890
2.740705
3.348858
2.029241
2.329607
4.153380
1.695283
2.429281
2.502736
1.687062
4.383829
3.934983
3.229768
3.640470
2.203100
2.181253
1.749849
3.768528
1.542266
1.957368
2.635467
4.500151
2.378350
4.138815
0.000000
4.722222
2.647416
4.362753
2.723209
0.000000
3.698767
0.397413
3.392940
4.755882
4.626285
1.985372
3.142704
3.027914
4.161662
2.048375
1.931434
2.333255
2.470503
3.379966
4.405059
3.221309
0.000000
0.938184
0.856420
2.774307
3.344126
3.100184
0.000000
0.471734
2.995858
2.473596
3.359162
3.799944
3.469706
4.158365
0.692538
2.292639
3.174614
0.550954
1.048142
2.598755
2.139142
3.396435
3.083039
2.876712
0.000000
1.410837
2.349062
1.090378
2.214421
4.225559
3.423847
4.159818
3.047243
4.060535
2.828368
3.784375
1.334698
2.186070
2.548537
3.427018
4.511765
2.243117
2.571945
5.000000
2.947512
3.055383
3.191294
3.883120
2.860661
4.464516
4.636297
2.735170
3.468920
3.144150
2.657813
1.689458
4.153915
2.447252
4.308146
3.447652
2.910992
4.416242
4.042192
4.582796
0.000000
2.706927
0.000000
3.489497
3.958551
0.455192
2.042156
1.896389
1.117625
3.418882
2.905576
2.851784
3.104708
3.887991
2.914513
3.581932
3.736205
2.842979
0.471982
3.402932
2.582824
3.745781
0.666472
4.872222
1.686675
2.616728
2.768491
2.395571
2.484633
3.280834
4.276579
3.275183
2.886772
1.870183
0.544029
2.311632
4.147517
2.809822
4.300676
3.778559
4.002871
2.597033
4.175616
3.224264
3.866528
2.449733
1.275904
1.981464
3.136401
2.479348
2.693722
2.301863
2.711313
4.113322
3.017244
4.475946
1.677159
0.673926
3.950494
3.910898
2.167450
0.770684
2.229867
4.163000
2.768456
2.806933
2.592913
2.502169
4.129323
4.145398
0.000000
2.028422
4.011261
1.802732
2.750000
2.058378
2.562987
2.771919
1.802332
3.199183
1.576022
2.928594
4.390938
0.000000
3.130395
4.529167
3.542354
1.814901
0.000000
3.595090
2.350082
3.034329
3.851164
2.133289
1.221751
3.042197
2.755001
1.971942
2.194512
0.593645
2.109944
4.115080
3.860785
1.272284
1.560343
4.591250
2.068534
2.094309
4.693497
3.814582
3.385904
1.188676
3.190686
2.455680
4.234579
4.221485
3.426893
1.897860
1.645233
3.203176
4.167907
4.011310
4.507339
1.897634
2.887603
0.989147
3.492102
2.426149
2.655471
2.718466
2.214279
0.621746
4.253018
3.088652
3.517986
1.605114
3.068250
0.000000
4.406999
2.539966
4.816304
2.533735
4.213991
4.122672
2.294114
1.986933
3.069715
2.355488
3.396668
1.212393
3.383395
3.965001
2.397660
3.354944
0.000000
4.455169
2.920383
4.380501
4.222719
4.206520
3.733478
3.484352
1.833158
1.397089
4.494195
1.630536
3.771272
3.817486
0.820191
1.936769
3.628323
2.823144
3.716595
2.227935
3.611498
2.451795
3.253408
0.965202
2.824531
0.000000
0.623733
2.815932
1.822698
4.199621
3.073693
3.521739
2.288987
3.628007
2.092602
3.797497
2.112901
1.518612
3.318066
3.159981
4.168726
2.839390
4.745122
3.484306
2.981738
0.711850
2.568401
0.000000
4.803824
4.134950
1.345965
4.650642
2.111355
4.524732
1.066122
0.677609
2.707335
0.340074
2.563060
3.439287
0.000000
0.000000
1.700165
0.541485
2.656364
2.724757
2.462363
2.662145
1.672281
2.306762
4.189544
3.734332
1.932669
3.103306
3.504918
0.895683
2.695390
0.000000
2.241801
3.355848
3.466819
2.725332
3.642778
0.000000
2.594874
2.628217
2.222627
3.859162
2.370352
1.673054
2.296491
0.852014
4.063936
2.392725
0.000000
1.948330
2.557060
3.740546
3.257772
0.732956
1.753906
2.996114
2.014116
2.794362
4.511450
1.755591
2.987415
2.068910
2.010881
2.739861
1.879879
3.424430
3.189764
2.601468
0.823647
4.094464
1.471446
2.963730
0.928984
3.466821
2.973097
2.874607
4.363407
3.297191
3.013316
3.299089
0.832708
3.567915
3.338416
0.000000
4.446146
1.474502
3.495688
3.153939
1.974136
1.905993
0.995962
1.997615
4.270762
4.367428
2.750594
3.154253
3.427996
3.986071
3.853873
1.478260
2.685462
3.363822
2.381870
2.585932
3.494535
4.500834
3.664239
3.561751
0.780549
2.647710
3.840142
1.279016
3.873958
0.954301
2.392657
1.440016
0.000000
3.015170
3.370977
4.198143
4.850906
3.719787
4.536594
4.069305
3.677183
2.909935
1.992551
1.534933
4.071320
1.357723
0.665999
3.451865
3.857277
1.772356
2.690130
2.129687
2.598089
0.000000
2.787695
2.066361
0.000000
3.789628
1.774803
4.407947
1.681710
4.529790
2.327911
1.805967
1.992756
2.855068
3.470566
1.446007
2.852036
4.505201
4.726781
3.701305
3.282808
2.216578
2.550427
1.931943
4.512500
1.590708
5.000000
3.118019
4.171978
0.659404
4.573693
2.330488
2.488945
3.882436
3.822234
2.770343
1.855480
4.229132
1.485194
2.258442
4.553284
4.400550
1.973497
2.914032
2.699233
3.563018
3.131478
4.436408
0.339896
2.348904
3.577405
1.498344
4.866304
4.541862
3.887097
1.064821
3.890693
0.000000
3.241095
4.199300
2.685612
3.002556
3.869720
1.724593
4.476747
4.962432
4.255587
4.059501
3.019526
4.199968
3.175848
3.885508
2.037428
4.227264
2.751189
2.149120
3.181279
2.425027
2.690878
3.151847
2.507661
2.861543
1.009052
4.287364
1.315695
4.234039
3.494535
0.000000
2.939311
3.136335
4.476189
1.509006
1.336378
3.183456
4.087902
3.406878
3.121420
1.999799
3.917219
1.989090
1.011133
3.364708
4.060760
3.678464
3.475697
4.526615
3.115903
2.619275
1.888315
1.879199
3.543415
2.809350
4.687741
4.686424
3.342902
1.845024
2.834234
1.933528
2.133920
1.972934
1.073366
4.752265
1.863366
4.759091
1.722570
3.320453
4.471468
4.314863
3.767226
2.813092
4.693389
2.670598
3.046646
2.361158
3.793808
1.382062
0.462648
2.876686
2.834754
3.766579
3.900915
0.283141
2.733451
2.122610
3.849717
2.753717
4.591250
3.471471
3.609824
2.208198
1.383430
1.888978
2.331470
3.183328
2.736910
4.135863
3.342987
4.176845
4.747763
1.713902
3.218631
4.075737
3.247931
3.491690
3.265641
2.620250
2.501706
3.986091
1.739035
0.000000
4.016550
2.605803
3.289750
4.642290
3.747050
3.143589
3.771185
4.303609
1.969941
2.957983
0.573410
4.144837
2.345231
0.000000
3.247755
4.928571
2.720559
3.054521
3.588172
2.807669
2.671042
4.658903
2.416614
0.000000
2.488929
3.211586
2.125110
1.616754
2.122009
3.452826
2.857319
2.423829
0.676623
4.208472
2.386400
3.526752
2.476144
4.098851
3.226050
4.288045
1.930507
1.444132
2.820375
2.140466
2.206059
2.284831
4.313524
4.597573
2.927018
3.631072
1.944411
2.087998
3.063294
3.931242
2.148813
3.064362
2.037450
3.209641
1.385095
2.842483
0.767072
3.478111
3.549944
2.343884
3.731465
3.502608
1.968882
2.608806
4.681250
4.891225
3.165024
0.730600
1.974038
4.476955
4.623210
2.781235
2.819246
1.729960
2.721968
3.856921
3.934983
1.824721
3.699645
4.393552
2.960720
3.656569
3.441721
0.000000
2.395358
0.000000
2.906416
2.659250
4.518143
4.082967
1.872279
2.602073
3.763523
2.375653
3.425562
2.130347
3.023473
2.554606
1.818019
2.856193
2.566830
3.316190
1.226809
3.598546
1.917724
2.275749
2.904034
4.663380
3.276922
3.922155
3.943487
3.935828
3.685935
0.808710
2.611232
3.491481
3.222544
0.557827
3.351955
3.261880
2.244729
3.093590
1.929543
2.793488
2.503210
4.571305
2.152908
4.381732
3.198561
3.601208
0.697262
4.362854
4.374883
1.564835
4.156841
2.676055
4.104393
4.107765
4.598599
2.431542
3.137209
2.395744
4.727273
3.460629
2.685549
0.000000
3.550988
1.873897
2.017679
1.863293
0.000000
2.965243
4.526423
2.607821
2.482694
4.155370
2.824074
4.718902
2.833450
4.378788
4.084115
4.129659
4.407634
3.116399
2.357760
4.088980
1.051018
3.770030
2.620883
4.411762
1.732813
1.275388
1.106428
3.604982
4.701923
2.440491
3.507899
4.336527
3.345372
2.156448
1.596670
3.447848
3.072823
4.390250
0.542695
2.845448
2.817937
3.993195
3.552747
3.042459
3.721543
4.856085
4.764232
2.715633
4.559577
4.183335
2.030839
1.767489
3.586869
0.571779
4.580847
4.729390
3.980261
3.860624
1.656862
1.965832
4.450796
1.978710
4.332724
4.254318
2.964700
3.109262
1.040602
2.593323
4.091599
4.381450
1.044898
0.000000
3.694630
1.045856
2.839751
2.618249
0.700737
2.671083
3.016433
4.464021
2.103480
4.347322
2.073963
2.659638
2.992917
3.231325
3.380608
1.206899
2.235588
2.351457
3.950504
2.752587
4.768229
2.945277
3.841907
2.880900
3.004848
3.824911
3.115089
1.819887
4.292494
1.228018
2.266753
2.914935
3.453395
2.146575
3.669871
3.685641
2.614680
1.881492
3.543117
4.309408
0.000000
1.343452
4.215121
3.644340
1.698647
1.740507
3.428661
2.120801
2.032092
4.801254
0.000000
4.053473
3.557979
0.880201
2.390232
3.330203
1.254146
4.526084
3.656595
2.210644
3.050671
4.347812
2.725178
1.897227
2.846069
1.946216
4.270459
4.237395
3.240779
2.187139
4.457798
3.820463
4.075398
3.747878
1.522483
2.025698
4.600000
3.248212
3.046797
0.867955
3.231781
2.254367
2.696115
2.149919
4.545780
0.941446
4.026470
3.697476
1.873473
2.318508
4.131186
2.663575
4.730524
2.965080
3.256096
4.601190
1.772106
2.239954
2.881373
0.000000
4.058578
3.288458
0.000000
2.148048
1.537897
2.353908
3.756932
2.927773
2.854825
3.200067
0.861850
0.934996
2.983366
2.557269
4.224497
3.464192
2.358047
2.613579
2.815609
2.979192
2.883889
3.274954
2.775359
2.068980
0.206005
3.507667
3.326254
2.045463
3.458327
2.830315
2.188343
3.110442
2.150501
4.527289
2.312010
1.968387
3.066661
0.712532
3.750213
0.558547
3.307538
2.073414
4.112356
3.005910
3.514295
1.915300
0.000000
2.339656
1.568461
3.826516
4.520546
1.911374
2.088013
