0.716667
0.127522
0.269831
0.588027
0.499265
0.617953
0.456150
0.510504
0.706741
0.811099
0.844300
0.376283
0.684938
0.137770
0.627387
0.846726
0.679567
0.238083
0.609695
0.516333
0.623521
0.730829
0.485749
0.760165
0.384592
0.670550
0.797022
0.244354
0.351989
0.608817
0.504991
0.742574
0.342668
0.419672
0.835522
0.708019
0.377388
0.231637
0.461713
0.621825
0.493058
0.317137
0.765540
0.551352
0.720634
0.372295
0.333008
0.336600
0.898071
0.286091
0.833909
0.460666
0.688966
0.588763
0.619732
0.171092
0.782538
0.563705
0.665400
0.354826
0.643242
0.882458
0.735913
0.674828
0.471843
0.471159
0.646070
0.485221
0.632748
0.597592
0.863844
0.708735
0.755186
0.441565
0.523076
0.791080
0.813626
0.624442
0.300383
0.811438
0.356072
0.605578
0.810411
0.270440
0.405128
0.357440
0.898171
0.734744
0.248013
0.506528
0.349354
0.601150
0.632344
0.375059
0.401695
0.497989
0.648381
0.654418
0.593170
0.793042
0.533723
0.943619
0.534116
0.646398
0.488552
0.658591
0.788490
0.507129
0.624301
0.558796
0.762288
0.753380
0.825966
0.524361
0.734580
0.456295
0.568752
0.662981
0.718105
0.310637
0.672071
0.697479
0.680603
0.348325
0.166924
0.713971
0.414711
0.465614
0.608822
0.678058
0.709038
0.781954
0.671998
0.307419
0.633425
0.413282
0.734509
0.621295
0.180052
0.622215
0.361195
0.200387
0.443864
0.583826
0.685424
0.417086
0.492312
0.761356
0.662376
0.571346
0.447052
0.727721
0.768087
0.477190
0.762508
0.578888
0.672015
0.171055
0.457339
0.179824
0.734792
0.862363
0.554562
0.801322
0.312141
0.629016
0.854935
0.749624
0.621506
0.629639
0.664069
0.328836
0.299895
0.618121
0.522635
0.380600
0.649613
0.403391
0.438764
0.856777
0.793678
0.638089
0.502851
0.890824
0.609882
0.353767
0.436020
0.718076
0.509999
0.880435
0.581019
0.688074
0.565566
0.751744
0.175997
0.588838
0.437765
0.448439
0.297524
0.199936
0.722498
0.403141
0.331410
0.766718
0.407822
0.681966
0.697031
0.495892
0.328150
0.521739
0.396175
0.750437
0.626307
0.363974
0.802008
0.318435
0.718186
0.657357
0.871650
0.522722
0.727479
0.597647
0.638717
0.234051
0.520173
0.716408
0.485490
0.811099
0.396665
0.486904
0.784831
0.734758
0.520575
0.251969
0.866667
0.403384
0.633450
0.432861
0.648136
0.805531
0.425916
0.672053
0.320054
0.447465
0.874944
0.139839
0.652482
0.839278
0.745255
0.678984
0.643721
0.499408
0.643829
0.293110
0.538804
0.938522
0.335221
0.549840
0.385206
0.352260
0.735103
0.864231
0.321957
0.700083
0.808180
0.592131
0.545269
0.428812
0.547719
0.413211
0.627179
0.431759
0.735827
0.602914
0.534639
0.767249
0.662041
0.608671
0.608244
0.311115
0.728862
0.169163
0.475680
0.538092
0.561183
0.695856
0.256205
0.633900
0.376117
0.817698
0.637958
0.767787
0.608034
0.311515
0.731814
0.720531
0.638155
0.783937
0.194929
0.808572
0.853678
0.475292
0.752183
0.526034
0.833909
0.543857
0.769861
0.406018
0.647972
0.725358
0.853448
0.337096
0.864170
0.749967
0.648691
0.552535
0.560074
0.709232
0.303679
0.735442
0.305743
0.204436
0.707403
0.841056
0.219721
0.858250
0.617946
0.827263
0.469715
0.636575
0.583296
0.215205
0.763158
0.451375
0.905427
0.675869
0.716506
0.388394
0.745308
0.329399
0.690533
0.547816
0.947924
0.655986
0.423304
0.780383
0.261532
0.486582
0.796943
0.827649
0.657495
0.481025
0.806016
0.158050
0.802652
0.656065
0.441613
0.804752
0.582350
0.702239
0.657813
0.722898
0.427967
0.648176
0.578257
0.624534
0.457266
0.562600
0.125056
0.606044
0.410388
0.490302
0.285600
0.584422
0.521874
0.627268
0.912713
0.510660
0.312292
0.500143
0.805901
0.343394
0.766480
0.622135
0.234504
0.431457
0.374015
0.436071
0.554968
0.618421
0.258647
0.662397
0.561998
0.529495
0.368869
0.477693
0.393975
0.578011
0.773517
0.750792
0.822891
0.141503
0.377909
0.726431
0.652586
0.843233
0.622444
0.647669
0.607325
0.525326
0.265188
0.693930
0.682047
0.624575
0.579914
0.301401
0.204909
0.656772
0.378728
0.239401
0.563578
0.667509
0.559627
0.122772
0.460119
0.606740
0.598042
0.850000
0.602803
0.812004
0.623774
0.706944
0.382359
0.213923
0.367747
0.322057
0.460551
0.605070
0.707754
0.614389
0.140700
0.580104
0.856832
0.819602
0.882458
0.521399
0.569184
0.190383
0.890909
0.289118
0.841056
0.470173
0.776927
0.173056
0.315983
0.575774
0.301939
0.685628
0.308218
0.623859
0.774061
0.383162
0.776300
0.711614
0.307833
0.151263
0.716619
0.488229
0.749912
0.838408
0.283784
0.257149
0.894790
0.402575
0.720136
0.498010
0.477870
0.279080
0.451775
0.777707
0.827370
0.909055
0.751424
0.462288
0.390116
0.392491
0.193752
0.655685
0.224397
0.560953
0.411446
0.697627
0.323123
0.528447
0.780520
0.336577
0.431150
0.280451
0.200868
0.797924
0.318786
0.563138
0.769373
0.826573
0.216749
0.682439
0.410168
0.673811
0.608940
0.411656
0.633746
0.802731
0.544505
0.464114
0.693553
0.391429
0.629954
0.587224
0.408931
0.543788
0.749873
0.574252
0.834464
0.438960
0.381697
0.392572
0.510308
0.364679
0.391744
0.930369
0.746727
0.627527
0.609493
0.718483
0.642571
0.346316
0.833909
0.472101
0.866209
0.677827
0.124733
0.440427
0.765582
0.930369
0.312218
0.510432
0.681428
0.731711
0.220206
0.421944
0.618688
0.532276
0.322261
0.675100
0.831879
0.621325
0.179152
0.153464
0.443399
0.532932
0.632335
0.621470
0.363126
0.725991
0.599434
0.729855
0.534390
0.639573
0.863299
0.127034
0.418051
0.813334
0.088442
0.342828
0.313031
0.491316
0.771248
0.775214
0.643884
0.647732
0.275308
0.598301
0.473992
0.426308
0.348932
0.534910
0.497883
0.471994
0.744686
0.640324
0.741101
0.181561
0.442094
0.190431
0.475237
0.844577
0.605612
0.517687
0.832535
0.413099
0.469911
0.753655
0.912713
0.671417
0.756439
0.757751
0.563904
0.558173
0.501976
0.620039
0.333935
0.638433
0.688794
0.755383
0.718375
0.433537
0.609208
0.703241
0.765655
0.620919
0.669675
0.532536
0.739451
0.588385
0.132009
0.615235
0.397223
0.234255
0.414833
0.434729
0.595377
0.467431
0.591109
0.524519
0.512309
0.434496
0.634639
0.102268
0.704081
0.326153
0.667380
0.174638
0.738926
0.464910
0.667470
0.369158
0.176107
0.667985
0.502686
0.548471
0.633772
0.526724
0.652980
0.297189
0.846049
0.682521
0.788836
0.717699
0.778277
0.626329
0.318993
0.495194
0.841056
0.508905
0.591393
0.285789
0.455084
0.529320
0.274894
0.496916
0.337689
0.625630
0.537682
0.710004
0.484187
0.437684
0.271951
0.756979
0.719891
0.546753
0.243244
0.416009
0.705942
0.687356
0.705922
0.556209
0.293524
0.783455
0.721043
0.513654
0.489631
0.894790
0.438355
0.472341
0.625588
0.310278
0.623941
0.529058
0.714497
0.247585
0.402324
0.779170
0.672633
0.618865
0.784298
0.445617
0.307027
0.482946
0.498083
0.254855
0.690620
0.606298
0.482562
0.321728
0.793884
0.639163
0.370415
0.680866
0.139344
0.462709
0.750876
0.726929
0.232636
0.404868
0.844300
0.572771
0.620440
0.469348
0.942063
0.677977
0.318343
0.819340
0.437611
0.680574
0.761162
0.712067
0.376356
0.507967
0.588957
0.727579
0.586769
0.646320
0.515445
0.565764
0.221429
0.451210
0.562103
0.107930
0.128875
0.356487
0.281442
0.930369
0.793678
0.451348
0.544307
0.650006
0.570457
0.829216
0.730644
0.790206
0.673509
0.787235
0.859161
0.493796
0.290753
0.607418
0.522079
0.511182
0.362524
0.770670
0.634322
0.619897
0.629466
0.312063
0.612094
0.421220
0.550467
0.681723
0.762506
0.455424
0.697975
0.265462
0.339376
0.640691
0.318920
0.571182
0.679024
0.211391
0.243129
0.882828
0.682603
0.426223
0.606276
0.536982
0.551734
0.570841
0.275197
0.127612
0.414969
0.183205
0.804595
0.549798
0.826190
0.742036
0.841173
0.348787
0.596089
0.285347
0.444051
0.588165
0.390997
0.623170
0.307467
0.550458
0.634079
0.778214
0.562460
0.678925
0.577961
0.586893
0.509177
0.687716
0.559560
0.203999
0.727897
0.550617
0.757751
0.375481
0.264696
0.738551
0.128979
0.812626
0.840838
0.327253
0.641955
0.235057
0.135151
0.262689
0.405993
0.213522
0.706705
0.520046
0.401809
0.685567
0.614776
0.540139
0.648517
0.760991
0.188755
0.468291
0.497539
0.105917
0.565139
0.574524
0.685306
0.727808
0.161211
0.547225
0.397851
0.515302
0.393520
0.487770
0.251586
0.365245
0.251061
0.731889
0.156977
0.747829
0.286061
0.432151
0.767832
0.469576
0.203627
0.287587
0.558459
0.477805
0.338254
0.633052
0.536415
0.483118
0.536222
0.599330
0.686716
0.298107
0.767122
0.729401
0.547562
0.253794
0.837476
0.598761
0.494377
0.138033
0.748188
0.674708
0.576700
0.490591
0.484276
0.708224
0.620811
0.314392
0.783479
0.309598
0.738296
0.833911
0.330907
0.439613
0.577390
0.415600
0.610865
0.644242
0.436919
0.457726
0.640842
0.369450
0.528737
0.660111
0.668213
0.722783
0.384402
0.627484
0.540934
0.357214
0.500036
0.801322
0.685235
0.867382
0.631541
0.166727
0.645996
0.645468
0.173922
0.446713
0.410294
0.290625
0.191824
0.430985
0.537554
0.602491
0.826139
0.841056
0.587743
0.402471
0.749967
0.474468
0.489713
0.341603
0.521962
0.801322
0.310395
0.375296
0.543190
0.673899
0.589554
0.386856
0.211199
0.386413
0.195832
0.623239
0.480483
0.762207
0.718359
0.433126
0.667637
0.628263
0.856777
0.593164
0.360478
0.583641
0.611559
0.645759
0.242655
0.634557
0.793025
0.745959
0.377325
0.650593
0.616935
0.355466
0.330484
0.780235
0.467869
0.788937
0.681771
0.617011
0.196281
0.882507
0.658285
0.552683
0.593805
0.477818
0.569854
0.320840
0.669765
0.386169
0.650964
0.598274
0.679426
0.460806
0.243803
0.796020
0.381886
0.289424
0.322390
0.127446
0.415009
0.702508
0.498941
0.818788
0.708397
0.507457
0.219957
0.697382
0.746550
0.498134
0.645953
0.658994
0.682444
0.609056
0.447177
0.944423
0.729016
0.643901
0.711042
0.639235
0.813197
0.686464
0.737796
0.601025
0.891800
0.575347
0.614044
0.552498
0.490466
0.444255
0.531179
0.588947
0.477655
0.136654
0.575688
0.511885
0.702335
0.703241
0.462936
0.570498
0.502788
0.713186
0.483425
0.255133
0.677253
0.745431
0.882511
0.520830
0.571531
0.659611
0.224943
0.306463
0.526497
0.747702
0.680498
0.510759
0.771535
0.712289
0.819808
0.575925
0.267754
0.418539
0.410147
0.739945
0.752604
0.586272
0.407925
0.430839
0.574203
0.256706
0.570137
0.191483
0.795301
0.433551
0.700975
0.324180
0.624579
0.489791
0.665462
0.951421
0.809953
0.720009
0.548053
0.640887
0.326552
0.860781
0.377226
0.118075
0.358831
0.345923
0.646790
0.505323
0.101329
0.479753
0.258358
0.754934
0.350997
0.844300
0.373581
0.522636
0.713405
0.171959
0.695635
0.319311
0.438841
0.607590
0.858143
0.763679
0.643829
0.698609
0.454602
0.483979
0.629800
0.696817
0.678625
0.866667
0.377282
0.838822
0.601026
0.341680
0.682567
0.799143
0.611438
0.566650
0.709775
0.556865
0.814650
0.488365
0.821115
0.721474
0.851932
0.147791
0.472227
0.449786
0.456469
0.703709
0.846465
0.508094
0.766969
0.520106
0.528242
0.651981
0.655676
0.762827
0.379715
0.308195
0.700748
0.317576
0.572578
0.199679
0.609403
0.414991
0.642196
0.530398
0.746298
0.404445
0.780601
0.300369
0.713593
0.701858
0.694381
0.597678
0.251565
0.573232
0.287074
0.703935
0.415067
0.772379
0.784299
0.676840
0.647547
0.326078
0.475265
0.747790
0.669188
0.388126
0.593982
0.841056
0.783564
0.312922
0.709157
0.140728
0.757332
0.779931
0.457197
0.762162
0.469680
0.573494
0.371948
0.559264
0.908645
0.561909
0.296776
0.353924
0.704366
0.626902
0.444870
0.650509
0.668561
0.701045
0.540511
0.749873
0.410847
0.690672
0.852053
0.626787
0.632988
0.855537
0.384505
0.453559
0.416662
0.780020
0.450954
0.633351
0.770740
0.667123
0.432097
0.868538
0.214256
0.503125
0.217474
0.590630
0.505045
0.232130
0.706189
0.320186
0.443898
0.485981
0.623298
0.486799
0.414610
0.376020
0.850599
0.495831
0.589260
0.543740
0.409448
0.592387
0.548753
0.627439
0.473760
0.465946
0.154931
0.658629
0.579658
0.355080
0.726262
0.330372
0.490816
0.443355
0.765564
0.210745
0.826134
0.541731
0.821115
0.196436
0.412589
0.662432
0.280733
0.534307
0.511095
0.765053
0.581003
0.841056
0.320414
0.360114
0.648914
0.832479
0.531609
0.232635
0.455253
0.534201
0.496944
0.308441
0.288343
0.339233
0.701356
0.714224
0.766611
0.474586
0.603900
0.516722
0.932866
0.465616
1.000000
0.731541
0.831905
0.565483
0.736440
0.442151
0.526550
0.281897
0.821115
0.580260
0.878386
0.255749
0.138624
0.420765
0.450010
0.783625
0.326983
0.843074
0.721399
0.686158
0.364637
0.344028
0.690863
0.403023
0.573106
0.265011
0.564902
0.626791
0.690804
0.400361
0.450300
0.653983
0.730459
0.930369
0.542427
0.796656
0.620783
0.226745
0.401776
0.930921
0.266555
0.677973
0.757321
0.728693
0.259012
0.488050
0.475135
0.801412
0.640380
0.601268
0.748493
0.678430
0.354773
0.298202
0.644532
0.318735
0.731811
0.413244
0.690519
0.625297
0.392481
0.513370
0.489933
0.135414
0.531623
0.570756
0.821115
0.754673
0.605692
0.317072
0.649818
0.665968
0.732720
0.894790
0.432838
0.264160
0.458445
0.669295
0.554960
0.863153
0.615087
0.574788
0.416610
0.353009
0.833377
0.282941
0.355029
0.678399
0.335509
0.259951
0.727908
0.664165
0.443526
0.759258
0.705408
0.607837
0.322063
0.488721
0.582549
0.362908
0.260667
0.676077
0.577913
0.452085
0.444631
0.799549
0.349171
0.661354
0.823742
0.396589
0.453633
0.917108
0.293602
0.329365
0.650235
0.261124
0.773749
0.534640
0.475563
0.634624
0.586656
0.495427
0.253602
0.552845
0.844300
0.609493
0.571743
0.650332
0.358016
0.731342
0.465236
0.533408
0.643612
0.206813
0.337618
0.692990
0.473033
0.711002
0.536604
0.200253
0.238409
0.253079
0.277200
0.712509
0.363202
0.599094
0.769369
0.384151
0.448851
0.757215
0.371444
0.554943
0.751303
0.500546
0.829154
0.419540
0.417333
0.130667
0.536423
0.675054
0.578541
0.321554
0.521871
0.233600
0.540252
0.545249
0.601624
0.785288
0.387831
0.330336
0.249748
0.729286
0.473213
0.687145
0.607332
0.587142
0.731509
0.520190
0.462928
0.517521
0.448799
0.534133
0.290864
0.322325
0.772683
0.664619
0.240334
0.226720
0.797071
0.535657
0.618077
0.593038
0.717633
0.146695
0.221305
0.504152
0.137584
0.566810
0.263225
0.422297
0.525982
0.764230
0.634962
0.551874
0.437184
0.466751
0.251796
0.521844
0.826190
0.716408
0.327734
0.602627
