1.192841
2.889441
3.654252
3.577401
0.740956
2.499294
4.265320
3.524660
0.000000
3.216701
3.519116
3.584814
1.132036
1.500376
0.000000
4.236480
1.948875
2.984318
3.519116
3.431861
1.297102
0.958488
0.000000
4.165419
0.000000
4.180737
3.169081
4.490139
1.971235
3.091739
3.511682
4.400658
1.984773
2.185846
2.088316
3.709818
1.352105
2.637137
3.519116
4.400658
1.314424
2.579838
3.164766
0.000000
0.831484
2.501300
4.339113
3.985833
0.319814
3.068718
3.332406
4.063618
0.568408
0.000000
3.885283
4.837311
1.740137
3.058641
3.552458
4.236480
1.235187
2.976484
3.060899
3.384927
1.785934
1.417292
2.535556
3.592082
1.485130
3.584321
3.060934
1.617369
2.755145
3.412071
0.789137
0.000000
3.798897
1.067484
2.606035
3.965656
1.561829
2.467185
3.292834
1.571763
2.485229
3.643908
2.045650
3.216701
3.699842
1.583150
2.819814
3.164766
1.206651
2.206115
4.529300
0.534795
0.000000
2.535556
1.692694
1.787804
2.101952
1.916402
1.380479
2.019414
0.816052
2.958743
1.958829
2.937020
1.812743
0.000000
0.746544
1.584789
1.386075
2.645909
0.000000
3.962779
1.392746
0.815760
1.503089
3.219948
2.519128
2.837859
1.544652
3.778386
1.564156
1.857125
1.327952
4.228073
1.022475
1.564854
3.249135
1.135715
1.394578
1.622903
1.028538
3.556110
1.411857
1.853311
0.455639
0.000000
1.292014
2.968586
3.614481
1.434094
0.000000
2.073716
1.745407
3.308978
1.899493
1.867386
2.268747
2.579838
1.151770
3.706572
0.445055
3.041469
1.501284
0.000000
2.639312
0.000000
2.067094
3.414928
2.227328
3.134413
0.481874
2.060419
0.536125
2.839487
2.439813
0.846490
1.022747
0.000000
0.000000
0.000000
0.000000
0.000000
0.000000
0.000000
0.000000
0.000000
0.000000
0.000000
0.000000
0.000000
0.000000
0.000000
0.000000
0.000000
0.000000
0.000000
0.000000
0.000000
0.000000
0.000000
0.000000
0.000000
0.000000
0.000000
0.000000
0.000000
0.000000
0.000000
0.000000
0.000000
0.000000
0.000000
0.000000
0.000000
0.000000
0.000000
0.000000
0.000000
0.000000
0.000000
0.000000
0.000000
0.000000
0.000000
0.000000
0.000000
0.000000
0.000000
0.000000
0.000000
0.000000
0.000000
0.000000
0.000000
0.000000
0.000000
0.000000
0.000000
0.000000
0.000000
0.000000
0.000000
0.000000
0.000000
0.000000
0.000000
0.000000
0.000000
0.000000
0.000000
0.000000
0.000000
0.000000
0.000000
0.000000
0.000000
0.000000
0.000000
0.000000
0.000000
0.000000
0.000000
0.000000
0.000000
0.000000
0.000000
0.000000
0.000000
0.000000
0.000000
0.000000
0.000000
0.000000
0.000000
0.000000
0.000000
0.000000
0.000000
0.000000
0.000000
0.000000
0.000000
0.000000
0.000000
0.000000
0.000000
0.000000
0.000000
0.000000
0.000000
0.000000
0.000000
0.000000
0.000000
0.000000
0.000000
0.000000
0.000000
0.000000
0.000000
0.000000
0.000000
0.000000
0.000000
0.000000
0.000000
0.000000
0.000000
0.000000
0.000000
0.000000
0.000000
0.000000
0.000000
0.000000
0.000000
0.000000
0.000000
0.000000
0.000000
0.000000
0.000000
0.000000
0.000000
0.000000
0.000000
0.000000
0.000000
0.000000
0.000000
0.000000
0.000000
0.000000
0.000000
0.000000
0.000000
0.000000
0.000000
0.000000
0.000000
0.000000
0.000000
0.000000
0.000000
0.000000
0.000000
0.000000
0.000000
0.000000
0.000000
0.000000
0.000000
0.000000
0.000000
1.184817
0.000000
0.490636
1.473621
2.032642
0.895165
0.720410
2.644974
1.445750
2.848043
2.133385
2.299322
1.059216
1.861354
1.483821
1.072051
3.059577
1.721754
1.597284
2.733832
1.694365
1.423283
2.068014
2.362635
2.112671
0.766621
1.116591
2.666698
2.457545
1.568315
1.053574
2.327566
0.666735
0.303978
1.390287
1.997980
2.664049
0.798532
2.088841
1.180598
2.329372
0.000000
1.221717
1.011093
0.892048
1.334695
2.288207
0.689421
0.000000
0.000000
0.000000
0.000000
0.000000
0.000000
0.000000
0.000000
0.000000
0.000000
0.000000
0.000000
0.000000
0.000000
0.000000
0.000000
0.000000
0.000000
0.000000
0.000000
0.000000
0.000000
0.000000
0.000000
0.000000
0.000000
0.000000
0.000000
0.000000
0.000000
0.000000
0.000000
0.000000
0.000000
0.000000
0.000000
0.000000
0.000000
0.000000
0.000000
0.000000
0.000000
0.000000
0.000000
2.049666
1.790974
1.367689
0.000000
1.804049
1.158350
1.603704
0.947039
2.075804
1.499104
0.724676
2.216585
1.217981
2.319090
0.186698
1.126351
0.896254
2.077607
0.000000
0.626319
0.645353
0.952347
2.247038
1.518283
1.007984
1.861741
0.678774
1.011486
2.479283
0.509053
1.573896
2.814341
1.333879
0.939757
1.830344
1.323492
0.401368
1.326217
2.484132
2.563364
3.086666
1.809515
1.880158
2.058019
1.545580
1.172674
1.863858
1.939410
0.760772
2.421878
1.542978
2.204903
0.637714
0.497351
0.786146
0.000000
0.000000
2.408098
1.673266
1.349721
2.016867
0.920838
0.622695
1.580207
1.407017
1.762280
1.746898
0.950080
1.405784
1.490557
1.941165
0.407679
3.017355
0.514726
1.758638
0.000000
1.576712
0.437482
0.497034
1.064620
0.390729
1.350617
0.985401
1.894976
1.622414
0.755972
2.616241
1.667940
1.260294
2.678719
1.893405
2.427217
0.605527
0.885622
1.012547
1.842465
1.853635
0.899748
1.688700
2.846290
3.004770
1.742144
1.307226
1.657367
0.985469
3.319977
1.800852
0.697790
1.137531
1.471999
0.870347
1.279469
1.416234
0.316344
1.902081
1.810561
3.349535
2.257452
2.204201
1.040928
1.334889
0.862933
0.974935
2.239583
0.557103
0.566246
1.680080
0.678370
1.343376
1.752837
2.321436
1.833782
1.115997
0.000000
0.507502
1.840711
0.504513
2.152257
0.576544
1.621605
1.546702
0.471879
0.724655
1.524986
1.300319
1.358008
2.185888
2.269575
2.126852
1.176212
1.263988
1.218165
1.745487
1.961561
1.557255
2.163647
2.068820
1.564890
1.656200
2.109148
0.400826
2.174253
2.769765
0.000000
2.096891
0.740984
1.165112
0.432445
1.369050
0.415753
1.392450
1.148225
0.000000
0.000000
0.000000
0.000000
0.000000
0.000000
0.000000
0.000000
0.000000
0.000000
0.000000
0.000000
0.000000
0.000000
0.000000
0.000000
0.000000
0.000000
0.000000
0.000000
0.000000
0.000000
0.000000
0.000000
0.000000
0.000000
0.000000
0.000000
0.000000
0.000000
0.000000
0.000000
0.000000
0.000000
0.000000
0.000000
0.000000
0.000000
0.000000
0.000000
0.000000
0.000000
0.000000
0.000000
1.294885
0.452682
0.549402
1.911681
0.516563
1.676023
1.243863
1.475743
1.878638
1.822366
1.508165
1.682554
3.017355
1.635394
0.809324
1.161488
2.334193
1.345859
1.171535
2.504184
2.537992
0.981170
1.471807
0.776902
0.000000
1.862214
0.543157
1.168220
0.655866
2.546567
2.372702
0.480581
3.269652
1.743641
2.151277
1.528451
1.395167
2.473301
1.280532
1.388644
0.824594
1.437750
0.818718
1.924878
2.254546
1.029395
0.703921
0.896559
1.463715
0.523028
0.000000
0.000000
1.912238
0.000000
0.945943
1.623407
1.833948
0.982521
1.802048
2.185230
3.268638
0.347219
0.000000
1.136487
1.497121
0.663293
0.508201
0.430528
0.000000
0.904452
1.483716
2.657856
0.828102
2.021501
1.796041
2.092630
0.493766
0.693306
0.802323
1.552843
1.898998
3.280553
1.397256
0.554862
0.771133
2.040223
0.678049
0.784841
0.941397
1.350911
1.176658
1.528242
1.062587
2.411522
1.769140
1.606733
1.301559
1.629133
1.341677
0.693380
1.792456
1.750375
2.869523
1.450450
1.753155
0.245589
0.364435
2.134609
2.580220
1.932332
1.841362
1.950240
1.450082
1.453333
1.894976
2.604480
0.717891
2.020495
2.859381
0.235761
0.000000
2.605066
1.715349
1.191635
0.638545
2.593819
2.374629
0.807176
0.475339
0.908983
1.118901
1.539412
0.000000
1.010345
1.967430
0.261440
1.422215
2.668392
1.980898
0.431565
0.891638
0.000000
1.836707
2.740155
3.050387
1.882995
0.000000
2.117046
1.618495
1.197534
1.553595
0.000000
1.186130
2.415492
0.564124
1.118316
1.980898
2.863677
0.940342
1.466283
1.439430
2.685524
0.000000
0.000000
0.672694
1.344786
1.728630
0.768610
1.928470
1.397256
1.304551
0.941349
1.977837
0.977970
2.782181
2.271865
1.304641
0.312218
0.723913
1.577861
3.124751
1.914128
2.065625
1.804938
2.127136
0.556088
0.496837
1.016396
0.497913
1.231142
1.369426
1.642953
2.318295
2.321558
0.655323
1.708782
1.651096
0.151275
2.301198
0.381534
1.209237
2.430677
1.963602
0.000000
0.673662
2.217213
2.143483
0.545998
1.834765
0.497167
1.362666
1.691697
1.029785
0.930693
0.767365
1.317488
0.466454
0.859026
1.567670
1.035760
1.444193
1.573372
2.096308
2.215167
1.022475
1.688248
0.000000
1.229921
1.403418
0.502983
1.178488
2.118314
3.188599
2.177727
0.724957
0.814331
1.578314
0.692473
0.672306
2.103057
3.279715
1.743899
2.372401
2.590379
3.079281
1.082680
2.984860
1.893866
1.514896
1.680521
2.631031
0.000000
0.854433
0.000000
0.971505
1.807902
1.490626
2.103649
2.272768
1.080482
2.296503
1.879426
0.996342
0.379959
2.445672
2.558023
0.000000
1.938055
2.232087
1.434140
2.438702
0.000000
1.249272
1.906145
1.160371
1.059490
0.634602
0.850445
3.426033
0.840612
2.283890
0.705844
1.158159
1.629995
1.536632
1.755876
0.000000
0.992529
1.506274
0.535726
1.345824
1.807879
1.044567
1.546319
2.159091
1.787007
0.898284
1.804885
1.605313
0.805655
0.628186
1.197544
2.671855
1.271886
1.335566
2.044607
2.181274
2.043374
0.979153
0.624529
1.729757
1.703889
0.000000
2.324667
1.640493
1.490228
1.770242
0.962491
1.488062
1.480164
0.764297
0.853064
1.353901
0.000000
0.923309
2.119636
1.105992
1.316836
2.032957
0.835548
1.008718
1.579086
3.538018
2.465101
1.827780
0.407743
1.495582
2.083411
2.285263
2.368867
0.309099
1.421400
0.501421
1.976410
1.657112
0.942856
0.940616
1.804140
1.725059
0.716042
1.818598
2.170465
1.699338
1.206300
1.489341
1.456927
0.732309
1.447548
0.000000
1.085609
2.068582
3.735767
0.860745
0.783734
2.875591
1.461589
1.776201
1.000903
0.604729
1.635990
2.077256
2.417985
1.352275
0.675925
0.522211
1.148760
1.682570
0.712775
0.826817
1.467360
1.223237
0.456066
0.735536
1.006419
0.811695
1.209625
0.477920
1.346035
0.730048
0.312218
2.819350
1.208826
2.436292
0.000000
1.995890
2.280821
1.287072
0.765436
2.573187
0.934918
1.749096
1.827191
1.571741
0.520573
2.715002
1.703889
1.552405
2.156919
1.640506
2.036011
0.947170
4.007668
1.534702
1.037631
2.181734
0.000000
1.788459
0.581919
1.881617
1.228010
0.731505
2.078973
2.114707
0.833456
1.463874
1.796655
2.071941
0.925698
0.649301
0.295681
2.709855
1.752778
1.519061
1.072679
2.578135
1.868245
1.716894
1.500403
0.246516
1.473908
0.964085
2.940951
0.540961
0.888457
2.341335
0.475167
1.498202
2.874942
1.207903
1.004211
0.000000
3.011949
0.648509
2.100482
1.998538
0.523245
2.234960
1.714896
1.536991
0.545853
1.080602
0.440338
1.323610
1.616951
0.462645
0.897247
1.730883
2.565887
0.965877
1.353942
3.037058
2.134683
0.329942
2.390508
0.758092
3.192886
1.744129
0.826812
2.247021
2.961786
0.870223
2.650771
2.049460
0.942346
0.506024
1.386184
2.664201
1.694797
0.798268
0.000000
1.134574
1.694583
2.107513
2.313456
1.866518
0.813413
1.275527
0.941768
1.411838
1.085760
0.957008
1.200933
2.003096
1.217034
0.813413
2.430045
0.651356
1.188471
0.325867
1.115348
2.418917
1.278274
0.651022
0.681420
2.537034
2.605122
1.409247
1.316979
0.639036
1.708083
1.396119
1.968140
1.229782
0.371398
1.998567
0.826817
0.669680
0.970466
1.604022
2.829292
2.178091
0.000000
1.116591
1.830913
2.503616
0.667526
0.859678
1.311882
0.435981
2.135481
2.118314
1.240050
0.765647
1.063385
1.175348
1.691390
0.891137
2.400903
1.721862
1.918755
1.229826
0.754939
2.229306
1.515389
0.000000
0.000000
0.000000
0.000000
0.000000
0.000000
0.000000
0.000000
0.000000
0.000000
0.000000
0.000000
0.000000
0.000000
0.000000
0.000000
0.000000
0.000000
0.000000
0.000000
0.000000
0.000000
0.832421
2.095143
0.384501
0.000000
0.321219
1.436906
1.696071
1.834636
0.786895
1.622394
1.397935
1.625795
0.521686
0.974269
0.000000
1.486851
3.144043
1.862096
0.868518
1.205275
3.457970
1.222238
1.219291
0.843870
1.339008
1.770895
1.675803
3.179107
1.637121
1.665684
2.241416
2.023402
1.676871
0.169185
0.707231
3.083847
1.477640
1.735473
1.053435
3.407396
0.000000
2.243650
2.027880
1.733949
1.279500
1.802209
1.221967
1.489732
2.143270
0.000000
1.424133
1.757465
1.075749
1.627838
0.822819
1.694365
2.590910
2.311272
2.355879
1.583543
1.147734
1.704249
1.237644
1.667536
0.638687
1.662913
0.930693
1.259651
2.882103
0.438888
1.430659
1.569029
2.163875
0.715767
1.364337
2.225556
1.854016
1.605335
1.250289
2.278860
0.923197
0.746223
0.000000
2.034685
2.178522
1.712258
1.165766
1.002455
0.766808
1.450711
1.705779
1.675083
2.084386
2.010801
0.916029
1.441241
2.013910
1.678113
2.310759
0.000000
0.000000
1.280323
1.704515
1.875388
1.481536
1.456927
0.334561
1.092849
0.924330
0.649672
2.813073
2.436241
2.022428
1.253016
2.073971
0.649123
1.233354
1.108109
2.136925
1.452935
2.150503
2.705698
1.006716
1.104319
2.951260
1.588511
1.912837
1.632642
2.273401
1.022896
1.208431
2.185230
1.567483
1.914128
3.279796
2.172295
0.953591
2.185338
1.321280
2.475339
1.804885
2.009686
1.152150
0.279778
1.873947
3.043317
0.368053
1.808595
1.076195
2.850206
2.285780
2.578108
2.537007
0.753904
0.000000
0.817450
0.000000
0.872540
1.544133
1.745029
0.773534
0.000000
1.417311
3.289198
1.747481
0.688552
0.511316
1.851499
1.557588
2.787664
2.406060
1.376786
2.173531
0.000000
1.433317
2.759754
1.573461
2.313540
0.557073
1.974130
1.903379
1.381867
1.138753
0.796337
1.806759
2.408210
1.746794
1.522312
1.339107
1.564167
1.792456
1.834430
1.125341
2.947184
2.719353
1.581637
0.808391
2.635436
1.323683
0.772941
0.897371
2.239299
0.657944
0.519397
0.653549
1.539435
1.858780
2.432461
0.731732
1.344373
2.250044
1.562191
1.953015
0.816052
0.666551
1.222238
0.958534
1.788248
0.198571
1.718874
1.580047
2.368686
1.958913
1.554612
1.659611
1.266258
0.413880
1.474404
2.517095
0.727320
2.153960
0.390891
1.398292
0.658731
1.710374
2.077438
0.810499
1.605522
0.732566
2.945479
0.419045
2.034799
1.248892
1.985467
0.779689
0.000000
2.572391
1.488067
2.657856
1.270211
1.377137
0.496115
1.732343
1.840222
0.223879
2.776421
0.000000
2.020037
1.950979
1.665684
1.382597
2.219856
0.000000
0.839210
1.494790
1.418589
1.397708
2.347825
0.000000
1.577776
0.909921
0.638324
2.940807
1.187725
1.887721
0.000000
1.380479
0.572176
1.153607
1.835254
0.404646
3.291600
1.997792
0.510570
1.525628
1.499104
1.410820
0.760953
1.233446
1.660263
1.809814
1.337548
1.096307
1.492959
1.040852
2.870188
0.948710
2.311720
1.237113
2.010037
1.937478
1.137603
2.095794
2.019679
1.974678
1.659193
1.827505
1.581255
1.108888
1.915349
1.362742
0.301846
1.507490
2.444957
1.827223
1.011068
1.993889
2.180278
0.805948
3.394562
1.850288
1.895798
2.285587
1.125467
0.000000
1.047761
0.515893
1.471056
2.087142
1.385744
2.006081
0.906474
2.234617
1.036634
1.811131
2.555689
0.000000
1.848895
2.701584
0.834591
1.402902
2.782403
0.000000
2.127947
1.137395
3.191396
1.428722
4.122224
1.391038
1.487525
1.197950
1.900059
1.426214
2.125005
1.722408
0.834591
1.568847
0.352349
0.557464
0.491230
1.901599
0.399649
1.938635
1.292831
0.714122
1.196288
2.693738
0.673037
1.319440
2.102216
0.717312
2.737195
2.703600
1.521582
2.071898
1.343619
0.402233
1.028251
1.103875
0.000000
1.596487
0.748220
2.146910
1.657876
1.693805
0.816052
0.596775
0.740036
2.802814
1.039065
2.416337
2.070708
2.355278
2.252116
2.408210
1.848441
0.827436
1.756873
1.881665
2.377086
0.975294
1.808456
1.013070
2.376158
0.763160
0.989490
0.355939
2.664201
1.547586
0.344132
3.238696
1.138991
1.613931
2.170721
0.873057
0.463761
1.738752
0.932533
1.198779
1.079368
0.856075
1.370668
1.112255
2.402494
0.766194
0.883926
0.608948
0.488821
0.505536
1.044855
1.781496
0.906769
0.404244
1.632274
1.213595
1.744546
2.141109
3.283594
1.230773
0.777892
1.518003
1.173649
1.801803
1.158177
0.411633
2.026693
2.502092
0.438352
0.772779
0.695482
0.000000
1.600215
2.640787
1.659831
1.376002
1.589608
3.306959
1.855755
3.020473
0.737924
1.740669
1.405784
3.579192
2.291552
0.921596
1.985662
0.000000
0.779644
0.816415
1.400952
1.323820
1.609128
1.321301
1.750171
1.295591
1.898277
0.963450
0.000000
0.000000
0.566989
0.000000
1.112218
2.397555
1.270344
1.108235
2.462978
0.772777
1.300820
0.911740
0.405203
1.976543
1.159621
1.120257
0.000000
1.391690
1.366478
1.172302
2.278851
1.026855
2.785287
2.034322
0.833716
1.579553
1.683784
2.202605
2.141248
0.000000
0.000000
0.000000
0.000000
0.000000
0.000000
0.000000
0.000000
0.000000
0.000000
0.000000
0.000000
0.000000
0.000000
0.000000
0.000000
0.000000
0.000000
0.000000
0.000000
0.000000
0.000000
0.000000
0.000000
0.000000
0.000000
0.000000
0.000000
0.000000
0.000000
0.000000
0.000000
0.000000
0.000000
0.000000
0.000000
0.000000
0.000000
0.000000
0.000000
0.000000
0.000000
0.000000
0.000000
0.000000
0.000000
0.000000
0.000000
0.000000
0.000000
0.000000
0.000000
0.000000
0.000000
0.000000
0.000000
0.000000
0.000000
0.000000
0.000000
0.000000
0.000000
0.000000
0.000000
0.000000
0.000000
0.000000
0.906762
0.837982
2.270115
0.861982
0.000000
2.272166
0.909266
0.851991
0.295436
2.755426
1.380535
0.925237
0.410411
1.755373
0.343101
0.831418
1.419518
1.775760
2.231979
0.000000
1.308768
2.653151
0.000000
1.188143
0.293980
2.925030
2.049460
2.213552
1.273948
1.869789
2.602989
1.451113
1.033752
1.954051
0.362417
2.061092
0.509092
2.198251
0.928045
2.015347
1.615502
1.071629
0.367390
1.113471
0.364723
1.406494
0.385692
3.195903
2.506397
2.603310
0.511748
1.013650
0.000000
1.447049
0.430173
1.272172
0.870409
0.530256
2.419461
0.807287
2.331534
1.425401
1.679326
0.289163
1.559730
0.503090
2.154810
2.244870
1.521734
0.000000
1.558024
1.084330
2.059180
2.938087
1.993912
2.165203
0.834591
1.733905
1.901999
1.534107
1.689761
1.866565
2.669956
1.429054
2.103447
1.973090
0.658554
2.479975
3.110846
2.069540
1.936387
0.581919
2.062621
2.638351
2.089395
0.840998
2.717382
0.913490
2.133806
1.098257
0.649672
1.347280
1.034513
2.716734
1.288883
2.882694
1.562302
2.724039
2.824432
1.885046
0.736439
2.715002
2.562344
1.257985
0.000000
1.421309
1.157226
1.271458
1.799171
1.144133
2.504600
0.000000
1.597220
2.321308
0.916770
1.788341
0.999152
0.000000
0.000000
0.000000
0.000000
0.000000
0.000000
0.000000
0.000000
0.000000
0.000000
0.000000
0.000000
0.000000
0.000000
0.000000
0.000000
0.000000
0.000000
0.000000
0.000000
0.000000
0.000000
0.000000
1.429327
1.668510
2.592523
1.456918
1.422642
0.728827
1.466723
1.811815
0.000000
3.166399
0.000000
0.601459
1.745909
2.040628
0.917797
0.945943
1.056529
2.413460
1.363541
2.207369
3.192861
0.434951
2.772991
2.656511
0.216482
1.575280
2.919502
0.686091
1.965973
0.886189
0.821303
0.667526
0.890693
1.515713
1.963324
1.623720
1.603924
1.902081
1.752619
1.046618
3.450945
0.709794
0.000000
2.689386
0.369577
