0.263352
0.257811
0.616281
0.933455
0.132843
0.342851
0.803115
0.733832
0.000000
0.670192
0.552967
0.742079
0.141007
0.295631
0.577345
0.876697
0.329166
0.391525
0.552967
0.713469
0.155251
0.148488
0.490237
0.625620
0.037066
0.457051
0.752501
0.712394
0.185158
0.524793
0.838179
0.909055
0.316702
0.424995
0.632726
0.602739
0.197653
0.590164
0.552967
0.909055
0.223902
0.435680
0.436782
0.608791
0.304554
0.454066
0.834735
0.856050
0.274468
0.244652
0.651047
0.973012
0.146075
0.650971
0.655551
0.942063
0.259131
0.407705
0.710646
0.876697
0.390018
0.569560
0.572108
0.898200
0.232070
0.445677
0.378224
0.736026
0.191309
0.519559
0.602900
0.247029
0.350632
0.623237
0.134400
0.578945
0.636173
0.259147
0.437562
0.826289
0.242258
0.432462
0.584204
0.289622
0.463247
0.742254
0.217883
0.670192
0.606034
0.198395
0.561526
0.436782
0.387198
0.543537
0.436443
0.123708
0.793402
0.378224
0.063787
0.172672
0.092258
0.421947
0.187486
0.335758
0.099403
0.358123
0.266859
0.280331
0.210969
0.441276
0.127188
0.430593
0.409460
0.437674
0.176042
0.308179
0.141719
0.434881
0.145654
0.684715
0.329089
0.307428
0.151053
0.489718
0.115299
0.509593
0.256770
0.322686
0.268310
0.269632
0.453518
0.286873
0.350572
0.350858
0.176372
0.435389
0.145897
0.268410
0.159419
0.617083
0.236470
0.384555
0.419255
0.137246
0.254350
0.328127
0.096954
0.425034
0.228649
0.249419
0.241422
0.435680
0.187326
0.510371
0.253000
0.505227
0.205460
0.694710
0.297250
0.268968
0.276879
0.697569
0.233112
0.746532
0.097149
0.387835
0.062678
0.282787
0.229457
0.173145
0.070196
0.373543
0.269072
0.319545
0.110109
0.335847
0.275819
0.268968
0.223930
0.452298
0.092354
0.202217
0.085732
0.569560
0.113454
0.605464
0.107629
0.458602
0.435325
0.256281
0.414114
0.442308
0.245476
0.268968
0.245414
0.647446
0.184881
0.569560
0.365194
0.269222
0.229614
0.398480
0.117246
0.664033
0.222673
0.480673
0.343838
0.802806
0.277548
0.363492
0.295599
0.406780
0.152947
0.638874
0.197186
0.554658
0.258508
0.281931
0.260285
0.452298
0.107684
0.594474
0.315934
0.669143
0.243998
0.361058
0.101946
0.359547
0.141613
0.647446
0.060622
0.423175
0.529543
0.398480
0.306449
0.539833
0.112305
0.242050
0.159069
0.617083
0.217851
0.249419
0.210516
0.594474
0.274883
0.061052
0.143666
0.109721
0.270974
0.285024
0.081847
0.201402
0.112915
0.190755
0.193445
0.162588
0.056806
0.134265
0.230920
0.109739
0.324203
0.062714
0.261850
0.228918
0.295856
0.294684
0.236213
0.307760
0.326231
0.098212
0.165568
0.353412
0.359038
0.123195
0.366569
0.139241
0.231533
0.556939
0.267460
0.051810
0.148485
0.111844
0.072401
0.187443
0.254685
0.227285
0.290062
0.139708
0.342847
0.104176
0.233874
0.123529
0.266170
0.300870
0.114634
0.294650
0.172840
0.249340
0.056906
0.270630
0.103454
0.198485
0.245295
0.097081
0.125290
0.092558
0.122449
0.171531
0.167850
0.143666
0.367947
0.071109
0.411093
0.115535
0.318478
0.186996
0.263785
0.325777
0.216087
0.152235
0.357515
0.264053
0.076931
0.125229
0.140018
0.098119
0.127085
0.322790
0.352143
0.202302
0.303740
0.088409
0.203892
0.266229
0.063032
0.203982
0.116062
0.133517
0.383487
0.093203
0.276193
0.300796
0.241827
0.100147
0.133008
0.417582
0.173806
0.151878
0.185041
0.043979
0.088160
0.164958
0.080846
0.223732
0.081645
0.043159
0.207199
0.230666
0.282287
0.171063
0.296490
0.205881
0.299494
0.274438
0.518379
0.231796
0.256350
0.140281
0.306368
0.285780
0.222411
0.233101
0.349791
0.112315
0.335884
0.368717
0.054603
0.143812
0.390132
0.427692
0.084532
0.180555
0.234242
0.295450
0.154058
0.274348
0.300838
0.293891
0.351852
0.538828
0.108970
0.090236
0.210426
0.217529
0.300169
0.169745
0.194656
0.399194
0.094592
0.138987
0.406426
0.656946
0.363822
0.212311
0.088214
0.463050
0.063444
0.316116
0.219530
0.163230
0.070763
0.084845
0.100189
0.151153
0.279514
0.186830
0.269467
0.184022
0.110334
0.078425
0.386327
0.193150
0.296422
0.204415
0.211707
0.269917
0.245685
0.074117
0.138443
0.303761
0.237398
0.092203
0.115700
0.115326
0.223663
0.340148
0.141021
0.242947
0.172029
0.084900
0.326540
0.205221
0.255058
0.357972
0.397457
0.287804
0.249976
0.146458
0.241058
0.339667
0.191873
0.142941
0.236528
0.423272
0.126016
0.112886
0.164558
0.314438
0.345349
0.104525
0.093798
0.114943
0.200672
0.262758
0.092911
0.483478
0.097987
0.364966
0.314449
0.152263
0.085750
0.192719
0.291033
0.211009
0.040699
0.233602
0.126625
0.130168
0.325985
0.227529
0.339905
0.237810
0.272196
0.227217
0.262298
0.275771
0.292849
0.223801
0.036839
0.305176
0.227068
0.512213
0.133449
0.077992
0.232821
0.171606
0.216708
0.407265
0.265269
0.151173
0.327449
0.186253
0.140238
0.282639
0.339507
0.192644
0.186506
0.232828
0.266658
0.115997
0.232241
0.193407
0.476070
0.095858
0.239078
0.232802
0.191304
0.072923
0.135016
0.419863
0.261592
0.097015
0.211838
0.338759
0.243550
0.141311
0.106447
0.156659
0.133792
0.425024
0.194215
0.325723
0.095412
0.331646
0.326483
0.177181
0.353151
0.148251
0.225354
0.189803
0.329998
0.148748
0.051766
0.354655
0.154392
0.309533
0.293658
0.095908
0.121157
0.284459
0.250356
0.177073
0.098238
0.062107
0.264990
0.158188
0.092342
0.094688
0.323708
0.103603
0.333625
0.231533
0.115330
0.128724
0.269998
0.317864
0.042955
0.099499
0.178943
0.151791
0.237190
0.106452
0.158628
0.174185
0.141279
0.195861
0.107222
0.158892
0.147421
0.171040
0.237190
0.068369
0.108339
0.195129
0.257012
0.202306
0.330041
0.255539
0.291614
0.211433
0.135652
0.246877
0.178260
0.196258
0.179796
0.417325
0.253794
0.199809
0.256383
0.256321
0.257649
0.232804
0.179018
0.193561
0.308520
0.111144
0.123328
0.060350
0.285463
0.125966
0.130083
0.173377
0.168052
0.195961
0.069320
0.282503
0.150129
0.193761
0.226665
0.123512
0.116088
0.269846
0.231146
0.406711
0.158104
0.123396
0.048899
0.208242
0.180805
0.129419
0.123042
0.116827
0.294384
0.267243
0.120409
0.131873
0.180705
0.255570
0.111158
0.193099
0.250955
0.213696
0.109370
0.138437
0.136566
0.095390
0.215695
0.364240
0.159209
0.186742
0.119430
0.298204
0.073352
0.222296
0.100541
0.209846
0.213449
0.066708
0.200495
0.110577
0.053632
0.090943
0.110647
0.164137
0.241350
0.244269
0.224183
0.172486
0.476070
0.331645
0.202324
0.231423
0.389896
0.188038
0.229363
0.299035
0.337784
0.183953
0.156321
0.119708
0.367911
0.169719
0.059764
0.177397
0.103839
0.285864
0.249570
0.216671
0.402082
0.368580
0.149382
0.061233
0.296685
0.285662
0.145239
0.312588
0.236624
0.151817
0.012414
0.258752
0.200562
0.338164
0.145449
0.214636
0.238566
0.102974
0.582139
0.103964
0.326664
0.172370
0.217892
0.177784
0.210932
0.135347
0.326079
0.367417
0.299620
0.187361
0.088468
0.123851
0.131113
0.107238
0.098525
0.185847
0.131448
0.158347
0.214684
0.325744
0.124500
0.188656
0.272986
0.452254
0.087598
0.090056
0.201807
0.252707
0.244439
0.376818
0.374868
0.133602
0.172274
0.112537
0.142070
0.117758
0.130904
0.097357
0.248442
0.104750
0.131190
0.028441
0.191274
0.147694
0.252113
0.176675
0.085964
0.105824
0.108044
0.186566
0.424020
0.106670
0.268540
0.083409
0.036090
0.373587
0.347746
0.287428
0.228434
0.288054
0.117140
0.253469
0.338759
0.074584
0.048941
0.220288
0.307616
0.196189
0.142371
0.273491
0.149655
0.201230
0.103491
0.238907
0.176343
0.088104
0.071333
0.129088
0.081743
0.164732
0.118208
0.230022
0.319882
0.187900
0.235399
0.159392
0.302626
0.227489
0.219965
0.169842
0.255269
0.507306
0.328809
0.336825
0.369725
0.157624
0.341607
0.138127
0.184903
0.141813
0.074207
0.267255
0.139392
0.133229
0.302626
0.159624
0.084678
0.237653
0.104794
0.276103
0.220642
0.276585
0.161845
0.197842
0.178145
0.103662
0.144800
0.374868
0.247835
0.256850
0.244396
0.127078
0.230276
0.241955
0.280411
0.028691
0.186450
0.140307
0.507247
0.168115
0.249776
0.236551
0.422958
0.266857
0.261293
0.038130
0.081127
0.147362
0.225346
0.177936
0.106904
0.405365
0.157625
0.118737
0.098280
0.193855
0.154228
0.191232
0.250984
0.200821
0.152856
0.100639
0.053297
0.165695
0.378035
0.085354
0.210169
0.149554
0.214892
0.197977
0.173184
0.080029
0.101334
0.312501
0.174474
0.073640
0.111137
0.295113
0.021990
0.151270
0.306366
0.204288
0.268310
0.246965
0.316176
0.125077
0.338405
0.297989
0.126419
0.331597
0.252960
0.299266
0.088542
0.118804
0.166543
0.146901
0.089340
0.477215
0.181483
0.335974
0.263838
0.521343
0.234650
0.170582
0.448501
0.250769
0.245509
0.298065
0.328278
0.216592
0.109088
0.093957
0.114404
0.262297
0.266919
0.357393
0.243057
0.339319
0.456785
0.408066
0.206090
0.268419
0.396995
0.255651
0.262459
0.271366
0.278042
0.207645
0.380422
0.085518
0.165762
0.090380
0.214952
0.292585
0.138971
0.176009
0.319940
0.103372
0.390161
0.149672
0.186426
0.140258
0.367862
0.228415
0.267588
0.185692
0.150329
0.091778
0.172552
0.249785
0.295950
0.294165
0.231935
0.263545
0.066188
0.291550
0.078351
0.133695
0.082310
0.168350
0.212557
0.221791
0.232572
0.284200
0.462256
0.299951
0.122203
0.109086
0.294978
0.272057
0.286653
0.279921
0.199898
0.256715
0.189549
0.223036
0.281985
0.080183
0.327250
0.091297
0.206522
0.227596
0.137625
0.345159
0.211063
0.247157
0.314398
0.210864
0.114511
0.282538
0.269065
0.410852
0.213223
0.045582
0.078094
0.239731
0.485415
0.427745
0.118030
0.200664
0.285850
0.392678
0.285129
0.274760
0.255871
0.138426
0.209288
0.104775
0.121837
0.296552
0.322741
0.066085
0.178513
0.269917
0.122570
0.173123
0.220164
0.329728
0.294776
0.325310
0.068251
0.160164
0.203960
0.168003
0.324297
0.091208
0.227073
0.166083
0.187842
0.291381
0.090684
0.232370
0.068812
0.191030
0.200143
0.263086
0.106404
0.243736
0.267935
0.136254
0.126439
0.326304
0.345307
0.213695
0.072819
0.226827
0.105922
0.035671
0.542452
0.290455
0.375399
0.594043
0.431927
0.344511
0.057470
0.122180
0.253885
0.064053
0.054149
0.273864
0.190220
0.097967
0.184503
0.256792
0.210334
0.311885
0.206004
0.394939
0.190434
0.188785
0.105874
0.090577
0.328700
nan
0.251876
0.106263
0.185404
0.229065
0.208461
0.364341
0.278303
0.159319
0.103892
0.173461
0.127835
0.333748
0.119874
0.121710
0.142204
0.183074
0.200744
0.263065
0.388592
0.211028
0.151497
0.047711
0.205235
0.154687
0.123769
0.439556
0.192153
0.081324
0.384045
0.236561
0.229361
0.295528
0.082789
0.321861
0.306827
0.267077
0.152348
0.215262
0.202562
0.070919
0.287715
0.284069
0.322667
0.452902
0.188812
0.071783
0.174635
0.189407
0.065174
0.097124
0.232171
0.335588
0.248457
0.242804
0.212671
0.373392
0.054011
0.205460
0.083344
0.114310
0.145911
0.226892
0.111387
0.273072
0.067042
0.330013
0.280725
0.127687
0.053122
0.233191
0.427829
0.158119
0.138399
0.184545
0.175942
0.246447
0.213150
0.175877
0.370663
0.199075
0.195778
0.312115
0.378689
0.266466
0.187799
0.289945
0.155812
0.239762
0.285273
0.195778
0.234379
0.120982
0.181545
0.118569
0.146938
0.117479
0.177938
0.110659
0.165417
0.350219
0.299425
0.287636
0.137057
0.300792
0.161197
0.237566
0.101946
0.069942
0.078974
0.363134
0.106404
0.085261
0.339099
0.207224
0.277914
0.294589
0.241232
0.335884
0.197548
0.136188
0.250788
0.167309
0.087959
0.282838
0.296587
0.331597
0.136774
0.118779
0.106790
0.223930
0.203926
0.167590
0.105570
0.345042
0.327250
0.236753
0.086156
0.274687
0.327640
0.239968
0.292704
0.185149
0.238921
0.276054
0.217261
0.264859
0.043159
0.167658
0.051150
0.090943
0.167280
0.175051
0.180560
0.074540
0.327925
0.161167
0.249899
0.094592
0.190285
0.134802
0.362769
0.098665
0.315090
0.249683
0.311220
0.072074
0.094230
0.219967
0.173769
0.121956
0.183143
0.308880
0.201449
0.091357
0.259648
0.165516
0.259823
0.321629
0.311964
0.110230
0.132301
0.618549
0.143702
0.074317
0.131739
0.296714
0.219820
0.199729
0.470416
0.230020
0.241566
0.143569
0.350579
0.445066
0.080770
0.084938
0.057418
0.229464
0.245707
0.085777
0.601073
0.089158
0.417959
0.261195
0.198519
0.054770
0.276890
0.288415
0.230502
0.081703
0.141265
0.265932
0.465495
0.170036
0.247448
0.213222
0.306368
0.433390
0.311915
0.292876
0.405901
0.176341
0.271041
0.274856
0.193043
0.291958
0.225729
0.080029
0.289180
0.355300
0.101452
0.232104
0.188220
0.224174
0.150206
0.253936
0.158190
0.183041
0.109437
0.278008
0.310022
0.104380
0.133527
0.221827
0.367653
0.111851
0.125688
0.146370
0.193316
0.137791
0.133105
0.367531
0.208910
0.241422
0.274479
0.231778
0.262028
0.152381
0.242962
0.566586
0.440744
0.128631
0.161775
0.160767
0.210846
0.138163
0.269917
0.225473
0.352999
0.106703
0.114784
0.122604
0.343618
0.255430
0.234553
0.164873
0.050790
0.206551
0.143561
0.257003
0.182377
0.310547
0.446329
0.279755
0.218856
0.147507
0.216021
0.232433
0.250614
0.257036
0.098154
0.171445
0.367417
0.263320
0.168115
0.354288
0.329922
0.068525
0.228618
0.163502
0.344260
0.291550
0.305761
0.293816
0.079732
0.184989
0.474631
0.091083
0.129640
0.130625
0.474222
0.248101
0.178178
0.283942
0.125045
0.152612
0.195739
0.192488
0.186132
0.088408
0.209047
0.036669
0.132463
0.167264
0.317834
0.106183
0.282259
0.096617
0.214899
0.165778
0.239944
0.353030
0.387032
0.091741
0.233699
0.294903
0.494226
0.092950
0.175451
0.129278
0.231428
0.317755
0.236323
0.170289
0.208911
0.198981
0.273439
0.297003
0.320468
0.238876
0.197030
0.108044
0.377313
0.123642
0.419798
0.247089
0.264004
0.146659
0.325841
0.216946
0.251052
0.124338
0.255616
0.101574
0.089182
0.190740
0.248094
0.226600
0.187984
0.071702
0.210914
0.351200
0.245193
0.210352
0.099403
0.093784
0.143702
0.111783
0.099189
0.201054
0.140773
0.189065
0.168644
0.334964
0.476167
0.096693
0.257813
0.128409
0.270277
0.320960
0.193460
0.347503
0.049321
0.190817
0.138658
0.295252
0.261438
0.131220
0.388670
0.195011
0.294958
0.071598
0.481188
0.332625
0.307711
0.208091
0.267843
0.271305
0.168499
0.354554
0.162499
0.278118
0.149908
0.050234
0.152359
0.118861
0.105356
0.289574
0.333897
0.177072
0.241566
0.157527
0.318288
0.118333
0.126711
0.126122
0.511776
0.096659
0.251392
0.372121
0.107801
0.046988
0.320926
0.209036
0.352362
0.031979
0.187486
0.082318
0.155593
0.333778
0.317512
0.392450
0.155990
0.119257
0.128568
0.339667
0.264360
0.241857
0.179366
0.190459
0.442971
0.178531
0.291491
0.311835
0.207576
0.219308
0.048466
0.325712
0.216906
0.256637
0.255155
0.185361
0.175255
0.137320
0.224689
0.393564
0.155357
0.223704
0.218456
0.124617
0.125456
0.128168
0.350758
0.272329
0.186444
0.176768
0.132320
0.141848
0.322617
0.604596
0.145936
0.238256
0.265089
0.222367
0.423543
0.203386
0.076741
0.207089
0.458946
0.224511
0.374914
0.097035
0.287275
0.313744
0.259122
0.358281
0.141127
0.347377
0.423182
0.174341
0.215960
0.234332
0.178088
0.363448
0.205852
0.551773
0.292732
0.317520
0.182855
0.324269
0.088748
0.300861
0.267512
0.143781
0.208960
0.174341
0.154814
0.097189
0.122697
0.046170
0.180570
0.178334
0.104648
0.224566
0.080963
0.043357
0.390633
0.191691
0.126219
0.347843
0.080836
0.069245
0.071904
0.287043
0.263102
0.121438
0.078549
0.154787
0.105800
0.085952
0.209482
0.123482
0.430997
0.191559
0.239482
0.099403
0.085216
0.310063
0.360350
0.084360
0.408887
0.282631
0.185546
0.204027
0.273439
0.201634
0.243170
0.298854
0.328588
0.519082
0.397095
0.222090
0.167457
0.321220
0.094670
0.418048
0.102317
0.427829
0.112507
0.256844
0.155537
0.277151
0.233805
0.413431
0.146528
0.059557
0.345619
0.090741
0.221571
0.239027
0.164439
0.156309
0.125726
0.284567
0.144938
0.110993
0.119314
0.247717
0.073352
0.295021
0.201333
0.158363
0.222664
0.163223
0.199303
0.362283
0.354278
0.389514
0.211327
0.115981
0.242837
0.321256
0.228727
0.173636
0.273015
0.165516
0.242129
0.118031
0.202293
0.077277
0.274011
0.345506
0.284435
0.295492
0.221469
0.222330
0.189763
0.366014
0.246030
0.200224
0.314411
0.266658
0.534809
0.302768
0.104176
0.154749
0.199671
0.129852
0.107422
0.115534
0.224173
0.127857
0.281408
0.259211
0.183601
0.176850
0.195953
0.226372
0.152021
0.209289
0.239308
0.264372
0.286067
0.164660
0.257377
0.437509
0.111697
0.278818
0.283829
0.050893
0.146170
0.215777
0.222588
0.201778
0.270348
0.214317
0.135431
0.286945
0.121256
0.404143
0.133142
0.117508
0.335725
0.262395
0.183788
0.138987
0.403620
0.161896
0.055912
0.289180
0.297074
0.133414
0.203879
0.497194
0.134422
0.026137
0.454059
0.283151
0.133010
0.336573
0.205312
0.213306
0.191451
0.057740
0.168717
0.165312
0.171471
0.165312
0.212984
0.290207
0.166849
0.308530
0.171001
0.215586
0.075347
0.138559
0.282970
0.145936
0.201129
0.192496
0.073181
0.270641
0.197543
0.218336
0.099099
0.174696
0.171471
0.134496
0.067860
0.212562
0.234742
0.255653
0.191494
0.192751
0.154810
0.278042
0.304773
0.315070
0.261910
0.301840
0.271967
0.134345
0.087872
0.187445
0.264720
0.198548
0.261795
0.148748
0.065304
0.349695
0.168824
0.171281
0.230631
0.094373
0.043510
0.300384
0.083397
0.165499
0.301492
0.174697
0.155330
0.235349
0.204183
0.162246
0.129669
0.335828
0.158285
0.077589
0.135041
0.220895
0.145740
0.353382
0.051904
0.209739
0.308462
0.245092
0.147945
0.067569
0.255571
0.280725
0.042021
0.058693
0.179360
0.246036
0.093786
0.135774
0.187062
0.068835
0.270233
0.067554
0.269530
0.143911
0.334629
0.248984
0.231940
0.218604
0.167350
0.118091
0.197797
0.084676
0.517190
0.145564
0.237535
0.067145
0.132670
0.371686
0.264163
0.096205
0.118987
0.163230
0.125053
0.311697
0.130208
0.438464
0.206510
0.105287
0.083107
0.250579
0.089139
0.273857
0.117083
0.303124
0.084003
0.223428
0.246161
0.249762
0.256086
0.124540
0.524701
0.174341
0.155879
0.259141
0.128390
0.190549
0.203560
0.319882
0.223045
0.157497
0.320716
0.120796
0.104766
0.212384
0.347499
0.269978
0.106263
0.241516
0.237768
0.205270
0.147693
0.258052
0.134971
0.395465
0.127689
0.114784
0.243305
0.102225
0.352257
0.180708
0.426765
0.247774
0.339724
0.423875
0.279998
0.113110
0.184503
0.260087
0.155206
0.140412
0.257486
0.144968
0.296006
0.387144
0.230920
0.404690
0.165182
0.123743
0.326930
0.115361
0.224178
0.191084
0.379756
0.228414
0.239489
0.129841
0.253186
0.197370
0.135532
0.313608
0.111237
0.297206
0.448927
0.102090
0.147610
0.166544
0.066002
0.217196
0.167408
0.254746
0.372437
0.117971
0.254504
0.223485
0.273898
0.213265
0.262143
0.289468
0.197620
0.249908
0.080854
0.117093
0.405882
0.229555
0.364626
0.042799
0.067986
0.232174
0.234718
0.167878
0.217892
0.296324
0.285414
0.254624
0.177207
0.418702
0.105591
0.201477
0.232128
0.162899
0.164927
0.639707
0.138197
0.280566
0.241523
0.121066
0.250788
0.235440
0.144681
0.239388
0.152666
0.262576
0.264990
0.368594
0.081029
0.142423
0.151794
0.274284
0.360347
0.041949
