0.312242
0.699485
0.262723
0.479395
0.372956
0.325401
0.690516
0.340599
0.144035
0.318009
0.497023
0.294859
0.705999
0.222561
0.254760
0.675290
0.514383
0.951421
0.640627
0.764114
0.127266
0.757943
0.188956
0.357673
0.383604
0.630039
0.444620
0.227235
0.530458
0.401313
0.120379
0.103885
0.346103
0.236985
0.354014
0.072913
0.184428
0.559089
0.668690
0.363323
0.810137
0.059614
0.566924
0.618382
0.662029
0.423409
0.587607
0.619076
0.785383
0.496446
0.112074
0.676190
0.125934
0.326475
0.104992
0.431098
0.277389
0.397893
0.240519
0.712614
0.560667
0.523508
0.664590
0.262820
0.690818
0.519933
0.374969
0.381228
0.539567
0.586246
0.223588
0.560160
0.169227
0.374985
0.686755
0.161206
0.750834
0.590412
0.839351
0.637083
0.341681
0.585313
0.474448
0.758957
0.129512
0.216606
0.260685
0.638057
0.413822
0.825466
0.245842
0.429589
0.350068
0.343636
0.373655
0.121346
0.676952
0.826726
0.548879
0.723842
0.544834
0.240258
0.395107
0.188668
0.430420
0.494939
0.687358
0.361015
0.686955
0.380071
0.748155
0.566811
0.197847
0.586509
0.855537
0.182154
0.649728
0.354167
0.268391
0.458118
0.333353
0.546784
0.220406
0.516436
0.556490
0.612697
0.698042
0.546737
0.712533
0.847335
0.058044
0.588267
0.480657
0.581280
0.347417
0.531964
0.732750
0.688072
0.645998
0.641173
0.330503
0.260805
0.339157
0.266974
0.461014
0.617157
0.112983
0.830100
0.125393
0.912713
0.550142
0.264485
0.413508
0.378683
0.186905
0.905427
0.586126
0.399039
0.709233
0.501270
0.473766
0.700521
0.476597
0.088743
0.199309
0.587968
0.469360
0.776580
0.097508
0.452661
0.858250
0.558866
0.730221
0.299558
0.443021
0.422069
0.090459
0.293820
0.709863
0.704640
0.471027
0.448123
0.351601
0.082369
0.409800
0.228915
0.258430
0.593088
0.748544
0.454899
0.608581
0.295598
0.533761
0.590375
0.575392
0.727336
0.410399
0.596856
0.348763
0.456995
0.503957
0.251239
0.330733
0.550621
0.381362
0.591689
0.584747
0.560036
0.737154
0.329427
0.257853
0.511777
0.105039
0.651741
0.492880
0.112074
0.000000
0.608197
0.413032
0.264618
0.400779
0.080260
0.929835
0.630060
0.184738
0.665088
0.242166
0.000000
0.527054
0.791445
0.210019
0.426255
0.815007
0.819343
0.349460
0.628551
0.285375
0.378228
0.539739
0.631075
0.292096
0.761466
0.410019
0.542523
0.351272
0.420505
0.273250
0.579105
0.793678
0.309952
0.820323
0.366037
0.111407
0.605086
0.522091
0.486486
0.591345
0.467566
0.121979
0.095404
0.630056
0.399186
0.620303
0.327371
0.278357
0.817242
0.774113
0.293864
0.225384
0.377905
0.377981
0.144069
0.214330
0.599863
0.513301
0.475522
0.206422
0.371772
0.683920
0.141856
0.648207
0.430417
0.527146
0.693229
0.470592
0.114985
0.645238
0.711274
0.737035
0.871897
0.717351
0.781814
0.712066
0.727798
0.470151
0.765079
0.760000
0.506325
0.471973
0.141242
0.471012
0.792558
0.265711
0.390500
0.073758
0.249493
0.702951
0.500077
0.045157
0.708111
0.592699
0.321170
0.218633
0.415273
0.292495
0.347614
0.648207
0.719299
0.323244
0.722125
0.678677
0.414628
0.628397
0.161606
0.489449
0.893453
0.440759
0.314672
0.482096
0.102986
0.816441
0.584938
0.411926
0.225327
0.608460
0.147310
0.474529
0.737189
0.833909
0.209633
0.432179
0.194012
0.578585
0.390704
0.283726
0.511569
0.543649
0.703279
0.144722
0.123822
0.706804
0.109632
0.532622
0.537052
0.479299
0.373069
0.464220
0.050061
0.296368
0.644379
0.593923
0.254422
0.543096
0.773729
0.350492
0.413329
0.740138
0.434048
0.474700
0.419154
0.329839
0.574526
0.697202
0.693527
0.612842
0.916564
0.442863
0.662513
0.793582
0.910236
0.259941
0.729656
0.246971
0.536530
0.569610
0.547357
0.544139
0.460135
0.369990
0.370908
0.300197
0.652294
0.532387
0.632052
0.549470
0.754669
0.691355
0.364069
0.780989
0.072341
0.345184
0.637551
0.280029
0.519558
0.496772
0.221711
0.306180
0.265590
0.532874
0.212977
0.533269
0.237872
0.717351
0.144088
0.833909
0.187229
0.263151
0.182944
0.127167
0.122213
0.560891
0.208960
0.302438
0.307152
0.560144
0.565490
0.583119
0.431572
0.229038
0.283210
0.084821
0.459856
0.538159
0.478213
0.752739
0.388246
0.166780
0.254128
0.284317
0.811856
0.545049
0.884733
0.420274
0.318641
0.717782
0.292608
0.351511
0.370952
0.110039
0.335890
0.377751
0.755779
0.625556
0.321288
0.049243
0.595425
0.331870
0.543799
0.435439
0.702074
0.476839
0.724419
0.411362
0.766013
0.187115
0.374489
0.108226
0.468388
0.600107
0.298049
0.530295
0.406969
0.343515
0.564580
0.299570
0.723671
0.339842
0.327942
0.419959
0.441343
0.387057
0.243041
0.412361
0.327708
0.402533
0.589796
0.618524
0.415276
0.534121
0.527407
0.468388
0.386551
0.639611
0.520908
0.102986
0.080152
0.510265
0.552504
0.384998
0.239113
0.366374
0.468851
0.580035
0.421368
0.729386
0.398073
0.056730
0.272508
0.797924
0.278652
0.833909
0.511167
0.386530
0.723559
0.153779
0.647503
0.416719
0.140664
0.051088
0.550220
0.437217
0.460903
0.077540
0.547892
0.117291
0.574419
0.806559
0.544652
0.530407
0.787794
0.089151
0.522725
0.102411
0.496911
0.331160
0.592515
0.668704
0.727806
0.366932
0.263024
0.593047
0.228730
1.000000
0.793582
0.078419
0.730125
0.305113
0.761466
0.376735
0.473226
0.354843
0.224843
0.268822
0.434512
0.700551
0.618400
0.286203
0.585313
0.495704
0.474693
0.186879
0.642676
0.798500
0.644132
0.863862
0.257060
0.781998
0.319489
0.423862
0.403698
0.237281
0.555484
0.767060
0.114722
0.507843
0.250618
0.061587
0.384790
0.477146
0.696684
0.116664
0.712529
0.342383
0.518284
0.182154
0.354763
0.452148
0.218732
0.176390
0.436041
0.466963
0.521758
0.171681
0.425638
0.478692
0.295972
0.789992
0.666070
0.242582
0.266817
0.210915
0.243952
0.252567
0.675974
0.367636
0.325164
0.600965
0.523945
0.610066
0.376789
0.196920
0.062736
0.430668
0.566018
0.440527
0.311045
0.496988
0.451547
0.446393
0.186508
0.684476
0.298465
0.588486
0.408707
0.194756
0.547376
0.321861
0.746122
0.589796
0.522167
0.624807
0.709678
nan
0.482654
0.435585
0.809362
0.767515
0.230323
0.377121
0.284309
0.659390
0.139582
0.685360
0.277077
0.613608
0.930369
0.102327
0.665662
0.641575
0.483774
0.240580
0.721975
0.805445
0.363296
0.060104
0.922834
0.146394
0.482096
0.367460
0.522079
0.740012
0.824076
0.727050
0.525621
0.468383
0.260078
0.730680
0.690368
0.215094
0.632582
0.436153
0.672919
0.469811
0.109485
0.291149
0.871092
0.525687
0.524580
0.594821
0.818864
0.728879
0.420732
0.563310
0.505122
0.098128
0.051459
0.043914
0.358792
0.784240
0.247193
0.118938
0.569093
0.712533
0.632376
0.682630
0.551183
0.632052
0.264781
0.634627
0.630080
0.129661
0.289992
0.283887
0.283903
0.640876
0.859358
0.633652
0.654681
0.601259
0.321794
0.553310
0.250683
0.687420
0.193566
0.460295
0.448902
0.426749
0.433859
0.716592
0.628631
0.627046
0.624503
0.628394
0.856777
0.312910
0.746800
0.177863
0.520799
0.447314
0.648190
0.451802
0.723509
0.284918
0.755027
0.464475
0.385591
0.375064
0.460673
0.398170
0.480845
0.445773
0.375832
0.760617
0.405629
0.453669
0.483548
0.389104
0.820967
0.343551
0.229345
0.367992
0.442060
0.597499
0.644591
0.361407
0.287084
0.162253
0.437931
0.688725
0.104406
0.333612
0.495972
0.361436
0.461231
0.800000
0.590412
0.381856
0.127100
0.382966
0.555566
0.539483
0.603389
0.479479
0.517361
0.570218
0.766034
0.288394
0.296413
0.469265
0.669023
0.192632
0.450715
0.448062
0.436941
0.482784
0.726748
0.532085
0.303234
0.708382
0.153078
0.663250
0.457308
0.340145
0.080080
0.480862
0.391938
0.388682
0.544035
0.510871
0.555717
0.430417
0.354947
0.333096
0.532434
0.141328
0.103293
0.449617
0.575986
0.781749
0.713252
0.350837
0.590455
0.507641
0.565808
0.176021
0.127208
0.107172
0.616415
0.352915
0.511916
0.286050
0.321720
0.859096
0.403698
0.839774
0.065386
0.178087
0.402735
0.830536
0.445736
0.600180
0.426048
0.493132
0.083412
0.618813
0.365151
0.475655
0.689904
0.336730
1.000000
0.393719
0.284350
0.738970
0.259975
0.272688
0.800000
0.306246
0.450890
0.787634
0.286157
0.091262
0.451413
0.184555
0.254780
0.243825
0.581526
0.558097
0.427948
0.580112
0.580832
0.264835
0.512599
0.582843
0.533559
0.166240
0.502908
0.275074
0.286398
0.444457
0.374985
0.603240
0.834843
0.460144
0.083300
0.825621
0.320092
0.133633
0.541248
0.644322
0.418169
0.575788
0.287025
0.338720
0.293663
0.783842
0.246279
0.541626
0.190146
0.472038
0.315759
0.237363
0.356114
0.185050
0.475704
0.709339
0.428380
0.560181
0.661417
0.069220
0.424254
0.134646
0.486537
0.606644
0.663631
0.805699
0.482747
0.261255
0.189298
0.279599
0.443047
0.698093
0.446065
0.496772
0.543900
0.751896
0.715235
0.867852
0.676642
0.359763
0.260453
0.468111
0.584311
0.484165
0.338771
0.102658
0.408848
0.587958
0.738531
0.107966
0.227235
0.596267
0.758204
0.397850
0.295531
0.899551
0.455937
0.082247
0.237866
0.260908
0.203377
0.828627
0.084517
0.304839
0.701692
0.059755
0.578044
0.722264
0.304035
0.515924
0.270678
0.626513
0.492204
0.405235
0.454015
0.354505
0.669991
0.108896
0.355680
0.370889
0.483870
0.232963
0.180067
0.601934
0.588786
0.758614
0.443106
0.358537
0.258088
0.177141
0.354543
0.711105
0.630080
0.133758
0.260274
0.439200
0.334760
0.499644
0.325102
0.691422
0.375436
0.488553
0.766034
0.378461
0.815343
0.337727
0.596383
0.438463
0.657229
0.391488
0.272596
0.398275
0.350618
0.116378
0.280845
0.876697
0.189245
0.527729
0.244890
0.796657
0.225508
0.253163
0.519748
0.472876
0.619360
0.509742
0.211379
0.306794
0.266592
0.211790
0.871706
0.476962
0.686127
0.236999
0.847727
0.172454
0.623117
0.583885
0.688566
0.653002
0.574980
0.481859
0.177096
0.405135
0.384669
0.127677
0.197861
0.156277
0.213832
0.578564
0.400899
0.306719
0.693372
0.524404
0.137403
0.427570
0.655541
0.410932
0.458874
0.341430
0.809174
0.822379
0.598532
0.528012
0.716280
0.231157
0.319119
0.426005
0.769849
0.499991
0.395962
0.510320
0.632781
0.454383
1.000000
0.809174
0.413216
0.588781
0.266660
0.634983
0.545413
0.411435
0.376160
0.436966
0.297298
0.388022
0.515586
1.000000
0.901020
0.269289
0.500849
0.646705
0.477494
0.245548
0.623863
0.443249
0.419693
0.438855
0.388077
0.221306
0.361343
0.235505
0.669669
0.052990
0.287786
0.486527
0.634627
0.667515
0.301550
0.437977
0.442723
0.333864
0.661427
0.812158
0.441567
0.638836
0.555906
0.110815
0.065809
0.374736
0.884898
0.615172
0.357587
0.371417
0.221101
0.763868
0.363832
0.682181
0.662513
0.300964
0.659187
0.165792
0.384735
0.506107
0.513927
0.688454
0.309301
0.703908
0.499464
0.559975
0.696101
0.244359
0.653790
0.284919
0.577346
0.568743
0.482138
0.639047
0.345009
0.882892
0.628218
0.876697
0.415094
0.307912
0.057877
0.528311
0.415052
0.283131
0.408941
0.756166
0.343225
0.455373
0.522029
0.205300
0.259367
0.059650
0.353348
0.105497
0.102178
0.699965
0.279940
0.465689
0.488377
0.262086
0.325141
0.455800
0.141067
0.349386
0.446687
0.292987
0.105226
0.293349
0.457752
0.386899
0.667677
0.221896
0.684632
0.658338
0.303278
0.317068
0.927373
0.315824
0.758182
0.685448
0.229526
0.620672
0.247255
0.653459
0.381953
0.336013
0.414102
0.308309
0.622787
0.734937
0.454062
0.177395
0.116757
0.214397
0.181700
0.859982
0.505479
0.480407
0.486443
0.540984
0.077082
0.603069
0.219929
0.451471
0.558861
0.793022
0.257326
0.466798
0.198182
0.423497
0.162875
0.041029
0.734162
0.809362
0.260968
0.263877
0.693225
0.728127
0.731066
0.461810
0.152260
0.494015
0.755264
0.209927
0.442773
0.111451
0.400894
0.096392
0.693215
0.379091
0.530243
0.661099
0.232923
0.571095
0.320243
0.187509
0.440871
0.196920
0.723559
0.562942
0.178533
0.408254
0.451267
0.438221
0.688530
0.675158
0.188617
0.705024
0.566269
0.244897
0.783803
0.550975
0.107027
0.441980
0.616533
0.421032
0.472448
0.757383
0.247913
0.303819
0.167133
0.701852
0.693904
0.705567
0.716098
0.125101
0.111551
0.202171
0.413822
0.460717
0.256475
0.111631
0.597827
0.359409
0.466194
0.466326
0.372175
0.564514
0.716667
0.073451
0.464929
0.965316
0.078876
0.283575
0.841687
0.700063
0.222734
0.121568
0.811856
0.095276
0.465133
0.553397
0.476011
0.847335
0.726561
0.681104
0.618150
0.527237
0.715224
0.671050
0.483456
0.587232
0.293280
0.441677
0.700549
0.685448
0.141856
0.257253
0.809362
0.157757
0.773484
0.277245
0.330868
0.293285
0.254731
0.390233
0.892759
0.256314
0.399664
0.459405
0.356626
0.461716
0.512053
0.258432
0.805699
0.379091
0.402969
0.448391
0.620797
0.385310
0.750920
0.629389
0.630080
0.640388
0.375020
0.347089
0.625743
0.646705
0.092294
0.462157
0.313491
0.917192
0.224870
0.369245
0.508567
0.320263
0.240926
0.474655
0.354543
0.478131
0.350140
0.419124
0.280062
0.084309
0.371240
0.652200
0.896482
0.565661
0.652529
0.200744
0.710713
0.328006
0.515611
0.205066
0.359324
0.465165
0.765540
0.637405
0.519585
0.232002
0.154417
0.412037
0.239519
0.688896
0.646141
0.022795
0.290243
0.609996
0.417447
0.563419
0.497907
0.777159
0.425955
0.429069
0.102571
0.551205
0.186808
0.602002
0.341487
0.529362
0.819540
0.295598
0.720182
0.698093
0.186830
0.587968
0.063083
0.727806
0.253840
0.302936
0.320144
0.503353
0.623854
0.537957
0.799910
0.297447
0.897690
0.683953
0.482120
0.535353
0.218967
0.362054
0.341513
0.491732
0.323545
0.645582
0.787441
0.345248
0.696401
0.374976
0.473442
0.601371
0.793582
0.420481
0.287640
0.546503
0.629732
0.606783
0.139827
0.253921
0.268246
0.079976
0.658374
0.756416
0.438073
0.682301
0.373060
0.424919
0.253556
0.546719
0.152019
0.227643
0.114471
0.419059
0.816441
0.229968
0.632052
0.164198
0.527014
0.688725
0.335538
0.528097
0.431178
0.524497
0.837566
0.824428
0.822775
0.874944
0.436831
0.429984
0.658490
0.346150
0.356640
0.251701
0.090660
0.368780
0.256068
0.545692
0.508266
0.333816
0.421635
0.575392
0.616494
0.422638
0.368208
0.134071
0.468383
0.491376
0.266869
0.506219
0.549297
0.391099
0.510673
0.413535
0.378241
0.298138
0.398736
0.401381
0.449016
0.636045
0.256940
0.487399
0.171970
0.284069
0.437990
0.283065
0.503694
0.289152
0.878285
0.394809
0.432702
0.801502
0.627889
0.565808
0.319072
0.567093
0.108542
