2.300708
3.423549
0.405630
1.640277
1.541355
3.278380
4.332100
1.143377
1.422505
0.846916
3.194295
1.332459
3.269162
3.497264
1.026955
2.970839
2.317102
3.854665
3.120058
3.186978
0.422757
4.143435
1.386337
4.033475
1.469265
2.895937
2.444093
2.780762
2.542275
1.703192
0.795599
0.491353
2.599518
1.558053
1.765193
0.331658
0.392796
2.445414
4.269642
1.114167
3.212857
0.140874
3.219573
2.978078
3.532855
1.401805
4.055680
2.555057
3.073198
1.156265
0.726381
3.293594
0.734780
1.122324
0.596230
1.926758
1.015649
0.911396
0.578023
4.591591
2.662197
0.981095
3.196168
0.924974
3.074903
2.469195
0.681444
1.698500
2.445651
3.614635
1.170653
3.787495
1.377544
2.540613
2.724987
0.790961
3.451179
3.999541
4.676302
3.029330
0.000000
2.902701
0.511189
1.855026
0.799972
2.672847
0.978745
3.095001
2.267185
4.598485
1.507063
3.031666
1.610119
1.466438
3.008523
0.482866
2.893618
3.247319
2.288499
3.755275
3.357622
1.206033
1.440512
0.530364
1.387771
1.537157
3.442123
1.815755
3.219220
2.127308
3.969088
2.540533
0.906134
1.895086
4.339505
1.256570
2.649997
0.000000
2.386055
3.368433
0.000000
2.968954
2.204355
0.000000
2.056831
2.786670
3.463490
3.077003
2.286066
4.489416
0.413098
3.404141
3.080383
2.768152
1.217423
2.153374
4.310295
4.886121
2.636055
3.193147
1.576663
1.739808
0.000000
0.920603
2.462951
3.053413
1.632210
3.400719
0.384349
4.142857
3.473197
0.182471
1.405268
2.066633
0.374996
3.791964
3.587660
1.009806
2.947626
3.443706
1.955619
2.860546
2.071355
0.490752
2.135751
1.939341
3.168645
2.705054
0.570679
2.243638
3.333333
2.826140
4.367212
1.800495
2.387234
2.299107
0.437169
3.509599
3.406564
3.201898
4.719147
3.289082
0.744229
0.695885
2.619716
1.940297
1.094507
2.116106
4.155189
2.018893
2.418452
1.663262
2.209080
3.028563
3.230890
3.834583
1.504310
2.860528
2.494365
2.596698
3.482720
1.509895
2.581089
2.854816
3.482907
1.934568
3.322302
3.175063
3.189230
1.167194
2.419122
2.938150
0.518703
3.191836
2.947579
0.553393
2.021652
3.304912
2.143424
2.078253
3.092440
0.483271
3.803858
2.612800
2.020073
3.034523
1.179869
1.444926
3.580341
2.689544
0.716470
2.972822
3.112374
4.473883
2.122584
3.404141
3.705576
0.264714
3.078768
3.616077
0.702317
3.397614
3.303841
2.666476
1.839267
2.087998
2.454522
3.489037
4.376739
2.070931
3.659796
2.724699
0.485118
3.556259
2.093080
1.963139
2.751505
2.062356
1.755018
0.836475
3.727448
3.229641
2.790663
0.883837
3.302181
3.813781
4.390947
0.183303
2.002398
3.238330
2.209094
0.537178
1.836214
3.267237
3.059402
2.731066
1.664914
2.321050
3.046126
2.027054
3.402202
0.735911
3.371417
2.920987
1.729984
0.264529
3.139469
3.662981
3.838875
4.923042
3.744345
3.339223
4.159021
2.935651
2.937835
3.586229
3.697162
1.638265
2.171078
0.618965
0.789352
3.922630
0.753720
2.353232
0.547110
2.657324
3.477227
1.525867
0.283737
2.594485
0.875165
1.456545
2.097105
2.518552
2.468211
1.335309
3.402202
4.600839
1.886671
4.621023
3.455283
2.047961
1.246340
0.477819
1.557275
4.932353
2.477661
1.872191
1.327345
0.686596
4.526866
2.211257
2.475476
0.692935
4.198540
0.379976
1.243426
3.566434
4.473883
1.880091
2.849992
1.221803
2.510672
0.981496
1.245353
2.184870
1.838957
3.330104
0.452217
0.792019
2.861751
0.678938
1.930070
2.558620
2.907436
3.223261
2.362158
0.606088
0.880951
2.674698
0.262592
0.743328
3.086480
3.170914
2.335338
1.507096
4.342872
3.141812
2.864556
2.143424
1.007689
1.772243
3.158562
4.219901
1.708797
4.658333
0.774590
2.881228
3.726189
3.687500
0.637292
3.457359
0.000000
3.831066
3.377553
3.401905
2.025926
3.149878
2.089613
1.205235
2.291703
3.592420
3.175158
3.377865
3.191941
3.135771
2.479223
2.961354
3.556301
0.416457
3.209296
2.198126
1.164068
2.810799
1.942988
0.498602
1.565373
0.709511
2.895945
2.245991
1.000635
1.987077
3.737978
0.730282
3.090129
1.313692
2.105357
0.987742
1.107227
0.407215
1.697884
1.778110
1.409102
0.583156
2.491132
2.503211
3.341800
2.171078
1.286502
0.718563
1.438640
2.301027
2.703305
0.000000
1.713859
2.357336
1.126973
1.139871
0.000000
4.822440
3.070581
4.612582
0.000000
3.110247
4.095738
1.002162
1.114960
1.218122
0.526114
1.498953
4.522316
2.441526
2.071748
1.735645
0.285423
3.657576
1.892867
2.382576
2.322908
2.282980
3.676495
2.875160
1.462542
3.822173
1.827736
1.785400
0.679318
3.925539
1.804745
0.780815
1.960374
2.030594
2.255697
3.142989
2.453380
3.490539
1.690342
2.373154
2.323442
1.603412
1.948541
1.775900
2.289093
0.858780
2.341226
3.397540
2.532565
1.760379
2.382370
3.847649
3.929161
1.877513
3.414672
3.175063
0.686596
0.644804
3.334111
2.328142
2.009313
0.538390
1.520252
2.572406
2.379883
2.852330
3.701088
1.478927
0.162622
2.004757
2.902892
0.490670
4.473883
2.377553
2.461317
3.782860
0.784134
2.778877
0.999539
0.855279
0.082409
2.488559
3.163976
2.972141
0.322681
3.175147
0.901593
1.160884
4.346261
2.568537
2.576347
3.658073
0.372732
2.051478
0.559117
3.927582
1.791267
3.524235
3.650919
3.170652
1.319248
2.165370
2.232066
1.001211
4.932353
2.992459
0.413575
3.876940
3.347111
3.400907
2.117729
2.485320
0.774979
1.536717
1.409339
1.402447
2.745914
3.564871
0.012245
2.604834
2.674051
2.076141
0.574840
2.146837
2.850964
3.837538
3.434124
0.000000
2.965810
1.538701
1.005935
3.871339
0.899887
3.127432
3.204507
0.482122
1.961949
1.389697
1.740528
2.257905
1.334675
3.159769
0.346990
2.778016
0.885737
3.409122
0.595526
2.225485
2.738123
1.048395
0.997747
2.841537
2.851557
2.258334
0.624884
1.111534
1.739674
1.088288
4.159021
2.221966
1.042478
1.902314
0.857100
2.420822
1.671790
3.542013
2.240487
2.317150
3.448861
2.226734
1.743104
1.980619
1.796998
0.162595
1.386913
0.869830
2.609435
1.595591
2.506195
1.697900
3.392340
1.297598
3.798320
2.205142
2.634100
0.862584
1.581694
3.301409
3.285238
3.840454
3.397540
2.585427
3.664034
4.536126
0.703296
1.618470
2.995612
3.806511
3.129481
0.884301
2.895945
1.306206
2.392675
0.439767
3.884813
0.917516
2.309486
4.581165
0.333317
3.437237
2.637875
2.667840
0.821630
4.118641
4.102902
1.896152
0.573214
3.603182
2.324664
1.923793
2.761819
1.955258
3.394574
3.689086
2.968820
2.384400
1.252919
1.447109
0.960949
3.390450
0.501418
0.000000
2.003471
0.000000
1.698975
0.608764
1.247245
3.690833
2.323340
2.151005
3.657576
3.316159
2.517545
1.885837
2.867698
2.178482
0.953473
0.436328
0.919959
1.321842
3.792551
2.221831
0.641739
3.576432
2.031801
2.023515
2.852175
2.692846
3.378109
2.288181
2.458046
3.457359
0.351729
0.872115
0.507458
0.990707
3.227626
3.655273
2.468053
3.144737
1.981036
3.509959
2.819991
1.068032
2.813181
0.862071
1.735152
2.472130
2.068924
1.397656
3.886548
3.415021
2.015014
3.120335
1.858702
0.862500
2.358478
3.742682
1.014432
2.714773
3.210336
3.144816
1.379458
3.341918
1.518573
2.981283
3.089488
2.974826
2.511125
1.743752
1.047704
2.242548
1.424803
3.031886
3.159769
2.698251
1.230750
2.314635
1.655540
3.789509
2.071431
1.469678
1.220952
2.563205
4.207100
3.853451
2.479110
1.125252
0.851655
2.179543
3.907685
0.628640
0.748463
3.300461
0.999561
2.293240
3.222400
3.911894
2.399016
0.662747
0.198787
3.554001
2.510888
3.282048
2.211337
2.711982
2.689270
2.786226
2.262509
1.322837
2.319938
3.334193
1.515027
2.710171
3.603385
3.330394
3.022360
3.395570
2.744099
2.600334
2.926111
2.063649
2.812706
1.215132
2.913504
0.392174
1.461703
2.179036
1.113490
4.207100
1.152254
3.057164
0.735911
2.170297
1.553044
1.279338
0.875890
0.745846
1.539495
1.611507
2.249082
3.886548
2.783289
3.851368
2.042450
3.519739
1.524588
0.587025
0.895019
3.642607
1.285372
0.132259
1.109874
1.110695
3.226091
3.870695
3.811173
0.753274
0.861793
1.416163
3.803936
2.992857
1.564383
2.161532
0.000000
0.322681
2.306271
2.158367
3.162392
0.000000
2.210050
4.280020
0.000000
1.715352
3.760583
0.000000
2.010545
3.222400
1.068833
3.266945
3.557138
1.285218
0.891143
2.641859
1.493194
2.015602
0.893366
3.739599
2.364954
3.446978
1.520257
2.402637
0.570806
2.019778
0.867678
1.414731
2.090533
2.944819
2.108423
0.568707
1.586816
2.536693
3.472627
4.379313
1.794543
1.723363
4.634375
2.493217
0.595459
3.117224
3.487163
1.849887
1.470049
2.046057
1.617131
0.537458
2.860981
2.466523
3.388022
1.742800
2.817217
1.210266
0.540517
1.572337
1.872588
1.912833
4.211389
2.418796
1.403172
2.346093
0.304189
0.000000
0.645411
3.149878
2.508913
3.543213
4.886121
1.900622
2.158362
1.349098
1.100498
3.531211
1.275872
2.563205
2.210062
1.877765
3.648805
2.774508
3.597942
3.180230
3.551268
1.564344
2.840916
3.514702
1.804021
1.382868
0.463537
2.239581
1.963767
3.164669
0.567794
2.771758
3.625933
2.918533
1.779973
3.906046
3.744345
2.267613
0.510889
2.167580
2.424789
1.130618
3.721408
0.383253
1.456220
4.632984
0.941197
3.085148
2.479551
0.000000
1.921077
0.917980
2.972949
1.855785
0.000000
1.786630
2.361023
2.947248
0.718830
1.036349
1.163891
1.817392
2.055828
0.250665
3.319297
2.115885
4.571233
2.432642
0.000000
1.556773
2.017143
0.921204
3.051944
3.397540
0.479781
2.022853
3.231361
2.154242
1.129249
2.172222
2.804005
1.620504
2.498503
2.813181
0.737563
3.461941
2.753854
2.574896
1.659598
4.145195
2.907684
0.120462
1.972092
3.104275
0.215359
1.821316
4.763462
0.757722
1.244459
0.873154
3.476567
0.978530
0.953317
2.914888
2.867521
3.261807
2.015541
2.067512
2.102286
0.000000
1.773077
3.704229
2.394357
3.059870
1.246895
4.061472
0.581939
3.259459
2.092004
2.526671
2.748729
3.222868
4.934783
1.863612
2.197554
1.585020
0.191597
1.124241
1.465334
0.466338
3.397540
2.514731
1.515776
3.503248
3.515083
0.376699
2.003851
1.732751
0.608300
1.405635
1.458405
2.835234
3.143285
3.574740
1.310419
3.574060
0.624037
1.726381
0.000000
2.248729
2.373442
2.141721
2.363560
4.041204
3.285565
4.142857
2.613345
2.312641
2.569989
0.000000
3.906945
2.450139
1.015716
1.167549
1.510223
1.314628
1.232613
2.153244
4.932353
4.019136
2.421328
0.000000
3.407102
1.567454
3.699059
2.332538
2.961354
2.913173
1.407853
0.000000
0.602864
2.813886
0.899784
2.742410
0.926430
1.080237
3.356373
2.458046
3.821718
1.329761
2.968279
2.808029
1.078081
3.240651
4.573269
3.082320
3.397540
3.507211
0.683812
0.270475
2.699231
2.990584
0.000000
2.024661
1.803402
0.750023
3.644075
2.852666
2.558620
2.993655
1.916169
3.721066
0.975711
1.243721
3.224189
2.315756
2.892840
1.757572
2.508677
1.553158
3.018150
3.690833
0.963510
2.626933
2.757680
1.744203
2.984620
2.627688
2.354288
2.728736
3.582869
2.932508
3.206801
2.093571
0.933578
0.227549
2.287917
2.020775
0.000000
1.992677
4.306013
1.490597
2.616149
2.666293
1.025089
1.755734
0.263496
2.100610
0.510624
0.446321
3.596309
1.625150
2.540771
3.052145
1.326535
2.135756
2.222716
0.952274
0.527596
2.225394
3.480300
0.462221
2.346871
2.927619
0.000000
2.526266
0.845060
2.709816
2.641595
0.590073
0.437765
4.966177
1.100166
2.677629
3.377989
1.854168
2.962717
1.176616
4.454659
1.065052
0.503587
2.278848
1.244770
3.003020
0.883389
1.690877
0.768480
0.584333
1.990135
0.919264
4.291324
0.762681
2.347153
2.467398
2.157266
0.496779
2.286575
1.755018
3.075433
4.018503
4.161458
0.220816
2.115836
1.442939
2.617218
0.843996
1.308683
3.489632
3.862010
0.774095
1.178697
3.709367
3.457359
3.047036
1.894975
3.528028
2.363931
3.819700
1.477417
2.697593
1.293676
0.000000
1.081793
1.595255
2.458637
2.499088
4.644637
1.187442
2.587824
2.048706
0.626992
1.161240
1.774515
3.566434
3.063464
0.847681
1.514823
2.232694
1.961816
3.212857
3.491080
0.948313
3.752790
2.646746
0.768225
3.334025
2.613658
0.392407
1.992045
2.684353
1.105371
3.375613
4.764003
3.576097
1.523386
1.089512
3.108548
3.052593
2.845734
4.679733
0.698544
0.539029
0.489237
2.267185
3.443677
1.137864
0.000000
1.945700
1.001571
1.636162
2.187682
0.792361
3.408040
4.910877
1.052808
3.896820
3.750161
0.450052
2.868483
3.489531
3.187030
2.265143
1.487773
4.203668
0.582647
3.003020
3.123481
2.210992
4.489416
3.436583
1.285289
1.153913
3.012900
3.070867
0.890902
2.486830
3.452342
0.099667
0.733366
5.000000
3.377989
2.105082
0.220816
3.813112
0.322216
2.738611
1.416317
3.592233
0.765660
1.306912
2.936751
3.649407
0.517764
1.290190
3.210336
1.972949
3.210336
1.424032
0.000000
4.886121
2.458896
1.829169
1.580703
2.808729
0.940273
3.307809
2.082994
3.457359
2.846056
1.883574
1.189546
2.576347
3.529939
1.543377
0.000000
1.058927
4.687500
0.840144
1.148103
2.536854
0.834744
1.006139
1.533618
0.948780
2.969786
1.131762
1.232783
1.134648
0.390154
1.888276
3.173676
3.112374
3.452342
4.510696
0.472499
3.658701
0.925807
2.867446
1.257857
0.000000
1.721411
2.332901
3.407951
2.167073
1.034354
1.384581
3.569088
1.475108
3.596272
2.736522
0.425853
0.981487
2.999961
1.456675
2.554453
1.846743
3.149861
3.068610
2.491022
0.444463
3.466164
1.678585
2.501029
0.209743
3.192320
3.995342
1.057913
3.876700
1.275872
1.095889
2.504781
0.366441
3.196699
0.677899
1.259116
1.479544
2.215637
2.962705
3.372369
3.108799
2.077697
3.996641
3.457103
1.758301
3.310061
0.000000
2.992474
1.338953
2.913296
2.372746
2.641783
3.695675
1.160153
3.613703
2.176616
2.681662
3.567010
3.726189
2.251502
1.675689
3.469731
2.737676
1.898782
0.522594
1.756451
1.997174
0.462347
3.459193
4.142857
2.081402
3.350000
2.234113
1.742616
1.252253
2.517534
0.767520
0.673418
0.638753
3.787791
4.461799
1.424444
3.452672
0.827674
1.564383
3.884813
2.836263
2.838605
1.974292
3.950253
3.679546
2.333980
4.004856
2.739374
3.495916
2.800785
3.525457
2.024661
2.928383
0.803166
0.367063
4.130039
0.780756
2.373565
2.531475
0.680255
2.171078
3.175147
3.074903
2.155303
0.268173
1.104018
1.252919
2.703157
1.210901
2.432943
2.231135
3.214296
2.245487
1.431024
1.050399
0.000000
0.000000
2.692782
3.358301
3.013086
1.118938
2.708033
0.934180
1.753101
2.325276
2.038392
1.462373
0.000000
4.368957
1.683135
2.459526
1.914112
3.449675
3.596272
1.816248
2.492018
0.366086
